1619624983.1959 451400 0 0

1619624983.1966 451410 0 0

1619624983.1971 451420 0 0

1619624983.1976 451430 0 0

1619624983.1980 451440 0 0

1619624983.1986 451450 0 0

1619624983.2064 451460 1 0

1619624983.2153 451470 0 0

1619624983.2256 451480 0 0

1619624983.2358 451490 0 0

1619624983.2455 451500 1 0

1619624983.2564 451510 0 0

1619624983.2654 451520 1 0

1619624983.2757 451530 1 0

1619624983.2856 451540 1 0

1619624983.2953 451550 1 0

1619624983.3064 451560 3 0

1619624983.3153 451570 4 0

1619624983.3256 451580 4 1

1619624983.3358 451590 5 0

1619624983.3454 451600 6 0

1619624983.3563 451610 7 0

1619624983.3654 451620 7 0

1619624983.3801 451630 7 0

1619624983.3857 451640 7 0

1619624983.3953 451650 8 1

1619624983.4063 451660 9 1

1619624983.4153 451670 9 2

1619624983.4255 451680 10 3

1619624983.4357 451690 9 5

1619624983.4454 451700 11 5

1619624983.4563 451710 10 6

1619624983.4653 451720 11 7

1619624983.4755 451730 11 8

1619624983.4857 451740 12 9

1619624983.4956 451750 11 10

1619624983.5064 451760 12 11

1619624983.5153 451770 13 11

1619624983.5256 451780 12 12

1619624983.5358 451790 13 13

1619624983.5455 451800 13 14

1619624983.5563 451810 14 14

1619624983.5653 451820 13 15

1619624983.5756 451830 15 15

1619624983.5858 451840 14 17

1619624983.5955 451850 15 17

1619624983.6062 451860 15 17

1619624983.6152 451870 16 18

1619624983.6255 451880 16 19

1619624983.6357 451890 16 18

1619624983.6454 451900 17 19

1619624983.6562 451910 17 19

1619624983.6652 451920 18 20

1619624983.6755 451930 18 20

1619624983.6857 451940 18 20

1619624983.6955 451950 19 20

1619624983.7063 451960 18 20

1619624983.7151 451970 20 22

1619624983.7254 451980 19 21

1619624983.7356 451990 19 21

1619624983.7454 452000 19 22

1619624983.7561 452010 19 23

1619624983.7660 452020 19 22

1619624983.7755 452030 19 23

1619624983.7853 452040 20 22

1619624983.7950 452050 19 23

1619624983.8054 452060 20 23

1619624983.8153 452070 19 23

1619624983.8254 452080 20 23

1619624983.8350 452090 20 23

1619624983.8448 452100 21 23

1619624983.8551 452110 21 24

1619624983.8653 452120 21 23

1619624983.8758 452130 22 22

1619624983.8858 452140 22 23

1619624983.8948 452150 22 23

1619624983.9050 452160 23 23

1619624983.9153 452170 22 23

1619624983.9256 452180 23 23

1619624983.9358 452190 23 23

1619624983.9449 452200 24 23

1619624983.9556 452210 23 23

1619624983.9654 452220 23 23

1619624983.9745 452230 24 23

1619624983.9865 452240 23 23

1619624983.9949 452250 23 24

1619624984.0050 452260 24 24

1619624984.0153 452270 23 23

1619624984.0244 452280 23 25

1619624984.0358 452290 23 24

1619624984.0448 452300 24 24

1619624984.0551 452310 23 25

1619624984.0654 452320 23 24

1619624984.0745 452330 24 25

1619624984.0858 452340 23 25

1619624984.0949 452350 23 24

1619624984.1050 452360 24 25

1619624984.1152 452370 24 24

1619624984.1244 452380 23 24

1619624984.1357 452390 24 25

1619624984.1447 452400 24 24

1619624984.1550 452410 25 25

1619624984.1652 452420 24 24

1619624984.1746 452430 24 25

1619624984.1858 452440 25 25

1619624984.1948 452450 24 24

1619624984.2050 452460 25 25

1619624984.2152 452470 25 25

1619624984.2245 452480 24 25

1619624984.2357 452490 25 25

1619624984.2447 452500 25 25

1619624984.2550 452510 25 26

1619624984.2651 452520 25 25

1619624984.2745 452530 25 26

1619624984.2857 452540 26 25

1619624984.2947 452550 25 26

1619624984.3049 452560 25 26

1619624984.3151 452570 25 25

1619624984.3245 452580 26 26

1619624984.3356 452590 25 26

1619624984.3446 452600 25 26

1619624984.3549 452610 25 26

1619624984.3651 452620 26 26

1619624984.3747 452630 25 26

1619624984.3856 452640 26 26

1619624984.3947 452650 25 25

1619624984.4048 452660 26 26

1619624984.4151 452670 26 26

1619624984.4244 452680 26 26

1619624984.4355 452690 26 26

1619624984.4445 452700 27 26

1619624984.4548 452710 26 26

1619624984.4650 452720 27 26

1619624984.4745 452730 27 26

1619624984.4855 452740 27 26

1619624984.4946 452750 27 26

1619624984.5048 452760 28 26

1619624984.5150 452770 28 26

1619624984.5244 452780 28 27

1619624984.5355 452790 29 26

1619624984.5445 452800 29 27

1619624984.5547 452810 29 27

1619624984.5649 452820 29 26

1619624984.5745 452830 30 27

1619624984.5855 452840 30 27

1619624984.5945 452850 29 26

1619624984.6047 452860 30 27

1619624984.6149 452870 30 27

1619624984.6246 452880 30 27

1619624984.6354 452890 31 28

1619624984.6444 452900 30 27

1619624984.6547 452910 30 28

1619624984.6649 452920 31 29

1619624984.6745 452930 31 28

1619624984.6853 452940 30 29

1619624984.6944 452950 31 29

1619624984.7046 452960 31 29

1619624984.7148 452970 31 30

1619624984.7245 452980 31 30

1619624984.7354 452990 31 30

1619624984.7444 453000 31 30

1619624984.7547 453010 32 30

1619624984.7649 453020 31 30

1619624984.7745 453030 31 31

1619624984.7853 453040 32 31

1619624984.7944 453050 31 30

1619624984.8046 453060 30 31

1619624984.8148 453070 31 31

1619624984.8244 453080 31 30

1619624984.8353 453090 30 30

1619624984.8443 453100 29 30

1619624984.8546 453110 30 30

1619624984.8648 453120 30 29

1619624984.8745 453130 30 30

1619624984.8853 453140 31 30

1619624984.8944 453150 30 30

1619624984.9045 453160 30 30

1619624984.9148 453170 31 29

1619624984.9244 453180 31 29

1619624984.9353 453190 30 29

1619624984.9442 453200 31 30

1619624984.9545 453210 31 29

1619624984.9647 453220 31 29

1619624984.9745 453230 30 30

1619624984.9852 453240 31 29

1619624984.9943 453250 30 29

1619624985.0045 453260 31 30

1619624985.0147 453270 30 29

1619624985.0244 453280 29 30

1619624985.0352 453290 30 30

1619624985.0442 453300 30 30

1619624985.0545 453310 29 29

1619624985.0646 453320 30 31

1619624985.0745 453330 29 30

1619624985.0851 453340 29 30

1619624985.0941 453350 29 30

1619624985.1044 453360 28 31

1619624985.1146 453370 29 30

1619624985.1244 453380 29 31

1619624985.1351 453390 29 31

1619624985.1441 453400 28 30

1619624985.1545 453410 28 31

1619624985.1643 453420 28 31

1619624985.1740 453430 28 30

1619624985.1844 453440 27 31

1619624985.1948 453450 28 31

1619624985.2046 453460 27 31

1619624985.2149 453470 26 31

1619624985.2239 453480 27 32

1619624985.2346 453490 26 31

1619624985.2450 453500 26 32

1619624985.2549 453510 27 32

1619624985.2638 453520 25 32

1619624985.2741 453530 26 32

1619624985.2844 453540 25 33

1619624985.2947 453550 26 32

1619624985.3048 453560 26 33

1619624985.3139 453570 25 32

1619624985.3240 453580 26 34

1619624985.3343 453590 26 33

1619624985.3445 453600 26 33

1619624985.3548 453610 27 34

1619624985.3637 453620 27 34

1619624985.3741 453630 28 35

1619624985.3843 453640 29 34

1619624985.3946 453650 30 35

1619624985.4048 453660 30 35

1619624985.4137 453670 30 34

1619624985.4240 453680 30 34

1619624985.4343 453690 30 34

1619624985.4445 453700 29 33

1619624985.4548 453710 29 34

1619624985.4638 453720 30 34

1619624985.4740 453730 29 34

1619624985.4842 453740 30 33

1619624985.4945 453750 29 33

1619624985.5047 453760 30 33

1619624985.5137 453770 29 33

1619624985.5239 453780 29 32

1619624985.5342 453790 30 33

1619624985.5435 453800 30 32

1619624985.5549 453810 30 32

1619624985.5638 453820 30 32

1619624985.5741 453830 30 32

1619624985.5843 453840 31 32

1619624985.5935 453850 31 32

1619624985.6048 453860 30 32

1619624985.6138 453870 32 32

1619624985.6241 453880 31 32

1619624985.6343 453890 31 33

1619624985.6435 453900 32 32

1619624985.6548 453910 31 32

1619624985.6637 453920 32 32

1619624985.6740 453930 32 32

1619624985.6843 453940 31 31

1619624985.6935 453950 32 32

1619624985.7047 453960 32 32

1619624985.7137 453970 32 31

1619624985.7240 453980 33 31

1619624985.7343 453990 32 31

1619624985.7434 454000 33 30

1619624985.7547 454010 33 31

1619624985.7637 454020 33 30

1619624985.7739 454030 33 31

1619624985.7842 454040 33 30

1619624985.7935 454050 33 30

1619624985.8047 454060 33 30

1619624985.8136 454070 33 30

1619624985.8239 454080 33 30

1619624985.8341 454090 33 29

1619624985.8434 454100 34 30

1619624985.8547 454110 33 30

1619624985.8637 454120 33 30

1619624985.8739 454130 33 30

1619624985.8842 454140 33 30

1619624985.8934 454150 34 30

1619624985.9046 454160 33 31

1619624985.9136 454170 33 30

1619624985.9239 454180 33 31

1619624985.9341 454190 33 30

1619624985.9434 454200 33 31

1619624985.9547 454210 33 31

1619624985.9636 454220 33 30

1619624985.9738 454230 33 32

1619624985.9841 454240 33 31

1619624985.9935 454250 33 31

1619624986.0046 454260 33 31

1619624986.0136 454270 32 32

1619624986.0238 454280 33 31

1619624986.0341 454290 33 32

1619624986.0435 454300 32 32

1619624986.0546 454310 33 31

1619624986.0636 454320 33 32

1619624986.0738 454330 32 31

1619624986.0842 454340 33 32

1619624986.0934 454350 33 31

1619624986.1045 454360 33 32

1619624986.1135 454370 33 32

1619624986.1237 454380 33 32

1619624986.1340 454390 33 33

1619624986.1434 454400 33 32

1619624986.1545 454410 34 32

1619624986.1635 454420 34 33

1619624986.1738 454430 34 33

1619624986.1841 454440 34 32

1619624986.1934 454450 35 32

1619624986.2045 454460 34 32

1619624986.2135 454470 34 32

1619624986.2238 454480 35 31

1619624986.2340 454490 34 32

1619624986.2434 454500 35 31

1619624986.2545 454510 34 32

1619624986.2634 454520 35 31

1619624986.2737 454530 35 32

1619624986.2839 454540 35 31

1619624986.2934 454550 35 32

1619624986.3044 454560 35 32

1619624986.3134 454570 34 32

1619624986.3240 454580 35 32

1619624986.3339 454590 35 31

1619624986.3434 454600 35 32

1619624986.3545 454610 35 32

1619624986.3634 454620 34 32

1619624986.3737 454630 35 33

1619624986.3839 454640 34 32

1619624986.3934 454650 35 32

1619624986.4044 454660 34 32

1619624986.4134 454670 34 33

1619624986.4237 454680 34 32

1619624986.4338 454690 34 33

1619624986.4434 454700 34 32

1619624986.4544 454710 33 33

1619624986.4633 454720 34 32

1619624986.4736 454730 33 33

1619624986.4839 454740 33 33

1619624986.4934 454750 33 33

1619624986.5044 454760 33 33

1619624986.5133 454770 32 34

1619624986.5236 454780 32 33

1619624986.5338 454790 32 33

1619624986.5434 454800 32 33

1619624986.5544 454810 31 33

1619624986.5633 454820 31 34

1619624986.5735 454830 31 34

1619624986.5838 454840 31 35

1619624986.5934 454850 31 34

1619624986.6043 454860 31 35

1619624986.6133 454870 32 35

1619624986.6235 454880 31 35

1619624986.6338 454890 32 36

1619624986.6434 454900 31 35

1619624986.6543 454910 32 35

1619624986.6632 454920 32 35

1619624986.6734 454930 31 35

1619624986.6837 454940 32 35

1619624986.6935 454950 32 35

1619624986.7042 454960 31 35

1619624986.7132 454970 32 35

1619624986.7235 454980 32 35

1619624986.7337 454990 32 35

1619624986.7434 455000 32 34

1619624986.7542 455010 33 35

1619624986.7632 455020 32 34

1619624986.7734 455030 33 34

1619624986.7836 455040 33 35

1619624986.7934 455050 32 34

1619624986.8041 455060 33 34

1619624986.8131 455070 34 34

1619624986.8234 455080 32 34

1619624986.8337 455090 34 34

1619624986.8441 455100 34 34

1619624986.8531 455110 34 34

1619624986.8635 455120 34 33

1619624986.8733 455130 34 34

1619624986.8830 455140 35 32

1619624986.8928 455150 35 33

1619624986.9036 455160 35 31

1619624986.9134 455170 36 31

1619624986.9225 455180 35 31

1619624986.9339 455190 36 30

1619624986.9430 455200 36 30

1619624986.9532 455210 35 30

1619624986.9634 455220 35 30

1619624986.9724 455230 36 29

1619624986.9839 455240 35 30

1619624986.9929 455250 35 29

1619624987.0032 455260 34 29

1619624987.0134 455270 35 29

1619624987.0225 455280 34 30

1619624987.0338 455290 34 29

1619624987.0429 455300 34 30

1619624987.0532 455310 35 29

1619624987.0633 455320 34 30

1619624987.0724 455330 33 30

1619624987.0839 455340 34 30

1619624987.0928 455350 34 30

1619624987.1032 455360 33 29

1619624987.1133 455370 33 30

1619624987.1225 455380 33 30

1619624987.1338 455390 33 30

1619624987.1428 455400 33 29

1619624987.1531 455410 33 29

1619624987.1633 455420 33 30

1619624987.1725 455430 33 29

1619624987.1839 455440 33 30

1619624987.1928 455450 32 29

1619624987.2032 455460 32 30

1619624987.2133 455470 32 29

1619624987.2225 455480 32 31

1619624987.2338 455490 31 30

1619624987.2428 455500 32 31

1619624987.2530 455510 31 30

1619624987.2633 455520 31 32

1619624987.2724 455530 31 31

1619624987.2837 455540 32 32

1619624987.2927 455550 31 31

1619624987.3030 455560 32 31

1619624987.3132 455570 32 32

1619624987.3225 455580 32 31

1619624987.3337 455590 32 31

1619624987.3428 455600 32 32

1619624987.3530 455610 33 31

1619624987.3631 455620 32 32

1619624987.3727 455630 33 32

1619624987.3837 455640 32 32

1619624987.3926 455650 33 31

1619624987.4030 455660 33 32

1619624987.4131 455670 33 32

1619624987.4225 455680 32 32

1619624987.4336 455690 33 32

1619624987.4427 455700 33 32

1619624987.4529 455710 33 32

1619624987.4631 455720 33 32

1619624987.4724 455730 33 32

1619624987.4836 455740 32 32

1619624987.4926 455750 33 32

1619624987.5029 455760 32 32

1619624987.5131 455770 32 32

1619624987.5225 455780 32 32

1619624987.5335 455790 32 32

1619624987.5426 455800 32 32

1619624987.5528 455810 32 32

1619624987.5630 455820 32 32

1619624987.5725 455830 31 31

1619624987.5836 455840 32 32

1619624987.5926 455850 32 32

1619624987.6029 455860 33 32

1619624987.6130 455870 32 32

1619624987.6225 455880 33 32

1619624987.6335 455890 32 32

1619624987.6425 455900 33 32

1619624987.6527 455910 33 32

1619624987.6630 455920 33 32

1619624987.6724 455930 33 32

1619624987.6835 455940 33 32

1619624987.6925 455950 33 32

1619624987.7028 455960 32 32

1619624987.7130 455970 33 32

1619624987.7225 455980 32 31

1619624987.7335 455990 32 32

1619624987.7425 456000 32 32

1619624987.7527 456010 32 31

1619624987.7629 456020 32 32

1619624987.7725 456030 32 31

1619624987.7834 456040 32 32

1619624987.7924 456050 31 31

1619624987.8027 456060 32 32

1619624987.8129 456070 31 31

1619624987.8225 456080 31 32

1619624987.8334 456090 32 32

1619624987.8425 456100 31 31

1619624987.8526 456110 31 32

1619624987.8628 456120 31 32

1619624987.8725 456130 31 32

1619624987.8833 456140 31 32

1619624987.8936 456150 31 32

1619624987.9027 456160 31 32

1619624987.9130 456170 31 32

1619624987.9232 456180 31 32

1619624987.9322 456190 31 32

1619624987.9425 456200 31 32

1619624987.9527 456210 31 31

1619624987.9629 456220 31 32

1619624987.9732 456230 30 32

1619624987.9821 456240 31 31

1619624987.9924 456250 30 32

1619624988.0027 456260 30 31

1619624988.0129 456270 29 32

1619624988.0231 456280 30 31

1619624988.0321 456290 29 32

1619624988.0424 456300 29 32

1619624988.0526 456310 30 31

1619624988.0629 456320 29 32

1619624988.0731 456330 29 31

1619624988.0821 456340 29 31

1619624988.0924 456350 29 32

1619624988.1026 456360 29 30

1619624988.1128 456370 28 31

1619624988.1231 456380 28 31

1619624988.1320 456390 28 30

1619624988.1423 456400 27 30

1619624988.1525 456410 27 31

1619624988.1628 456420 27 29

1619624988.1731 456430 26 30

1619624988.1821 456440 26 30

1619624988.1923 456450 26 30

1619624988.2025 456460 26 30

1619624988.2127 456470 25 29

1619624988.2230 456480 26 30

1619624988.2320 456490 26 30

1619624988.2423 456500 26 30

1619624988.2525 456510 26 29

1619624988.2628 456520 27 30

1619624988.2731 456530 26 29

1619624988.2830 456540 27 30

1619624988.2925 456550 27 28

1619624988.3023 456560 27 30

1619624988.3120 456570 27 29

1619624988.3224 456580 27 29

1619624988.3322 456590 27 29

1619624988.3425 456600 27 29

1619624988.3514 456610 27 29

1619624988.3630 456620 28 28

1619624988.3720 456630 27 29

1619624988.3823 456640 27 29

1619624988.3925 456650 27 29

1619624988.4014 456660 27 29

1619624988.4129 456670 27 29

1619624988.4219 456680 27 29

1619624988.4321 456690 28 30

1619624988.4424 456700 27 30

1619624988.4514 456710 28 30

1619624988.4629 456720 27 30

1619624988.4719 456730 28 30

1619624988.4821 456740 28 30

1619624988.4924 456750 28 31

1619624988.5014 456760 29 31

1619624988.5129 456770 28 31

1619624988.5219 456780 29 31

1619624988.5321 456790 29 30

1619624988.5424 456800 29 32

1619624988.5514 456810 29 30

1619624988.5629 456820 29 31

1619624988.5718 456830 30 31

1619624988.5821 456840 29 31

1619624988.5923 456850 30 31

1619624988.6014 456860 30 32

1619624988.6128 456870 30 31

1619624988.6218 456880 30 31

1619624988.6320 456890 29 30

1619624988.6423 456900 31 31

1619624988.6514 456910 30 31

1619624988.6628 456920 31 30

1619624988.6718 456930 31 30

1619624988.6831 456940 32 31

1619624988.6924 456950 32 30

1619624988.7027 456960 32 30

1619624988.7117 456970 32 31

1619624988.7221 456980 32 30

1619624988.7322 456990 33 31

1619624988.7424 457000 32 30

1619624988.7526 457010 32 31

1619624988.7616 457020 32 30

1619624988.7718 457030 32 31

1619624988.7823 457040 32 31

1619624988.7923 457050 33 30

1619624988.8026 457060 32 31

1619624988.8116 457070 32 30

1619624988.8220 457080 32 31

1619624988.8321 457090 32 31

1619624988.8424 457100 31 30

1619624988.8526 457110 32 31

1619624988.8616 457120 31 31

1619624988.8718 457130 31 30

1619624988.8820 457140 31 31

1619624988.8923 457150 30 31

1619624988.9025 457160 31 31

1619624988.9115 457170 30 31

1619624988.9217 457180 30 31

1619624988.9320 457190 30 31

1619624988.9423 457200 30 31

1619624988.9525 457210 30 31

1619624988.9615 457220 30 31

1619624988.9718 457230 30 31

1619624988.9820 457240 30 31

1619624988.9923 457250 30 31

1619624989.0025 457260 31 31

1619624989.0114 457270 30 31

1619624989.0217 457280 31 31

1619624989.0319 457290 30 31

1619624989.0422 457300 31 30

1619624989.0524 457310 30 31

1619624989.0615 457320 31 30

1619624989.0717 457330 31 30

1619624989.0819 457340 30 30

1619624989.0921 457350 31 30

1619624989.1025 457360 30 30

1619624989.1113 457370 31 29

1619624989.1216 457380 30 30

1619624989.1319 457390 31 29

1619624989.1421 457400 30 29

1619624989.1523 457410 30 30

1619624989.1613 457420 31 29

1619624989.1716 457430 30 30

1619624989.1819 457440 30 29

1619624989.1921 457450 31 30

1619624989.2023 457460 30 29

1619624989.2113 457470 30 29

1619624989.2215 457480 31 29

1619624989.2318 457490 30 30

1619624989.2420 457500 31 29

1619624989.2523 457510 31 30

1619624989.2612 457520 30 29

1619624989.2715 457530 31 29

1619624989.2818 457540 31 30

1619624989.2920 457550 31 29

1619624989.3023 457560 30 30

1619624989.3113 457570 31 29

1619624989.3215 457580 30 30

1619624989.3317 457590 31 30

1619624989.3419 457600 30 30

1619624989.3522 457610 30 30

1619624989.3612 457620 30 30

1619624989.3715 457630 30 29

1619624989.3817 457640 31 30

1619624989.3920 457650 30 31

1619624989.4022 457660 30 30

1619624989.4112 457670 30 30

1619624989.4214 457680 29 29

1619624989.4317 457690 30 30

1619624989.4419 457700 30 30

1619624989.4522 457710 29 29

1619624989.4612 457720 30 29

1619624989.4718 457730 29 30

1619624989.4816 457740 30 29

1619624989.4919 457750 29 30

1619624989.5021 457760 29 29

1619624989.5111 457770 30 29

1619624989.5214 457780 29 30

1619624989.5316 457790 29 29

1619624989.5419 457800 29 29

1619624989.5521 457810 30 29

1619624989.5611 457820 29 28

1619624989.5714 457830 28 29

1619624989.5816 457840 29 28

1619624989.5919 457850 29 28

1619624989.6021 457860 29 29

1619624989.6111 457870 29 28

1619624989.6214 457880 28 28

1619624989.6316 457890 29 28

1619624989.6419 457900 28 28

1619624989.6520 457910 29 28

1619624989.6610 457920 28 28

1619624989.6714 457930 29 28

1619624989.6816 457940 28 28

1619624989.6918 457950 28 28

1619624989.7020 457960 29 28

1619624989.7110 457970 28 27

1619624989.7213 457980 28 28

1619624989.7316 457990 27 28

1619624989.7418 458000 28 28

1619624989.7520 458010 27 28

1619624989.7610 458020 27 28

1619624989.7714 458030 27 28

1619624989.7815 458040 27 29

1619624989.7917 458050 27 28

1619624989.8020 458060 27 27

1619624989.8110 458070 27 28

1619624989.8212 458080 27 28

1619624989.8315 458090 27 28

1619624989.8417 458100 28 27

1619624989.8520 458110 27 27

1619624989.8618 458120 28 28

1619624989.8714 458130 27 27

1619624989.8817 458140 27 28

1619624989.8921 458150 28 27

1619624989.9019 458160 27 28

1619624989.9114 458170 27 28

1619624989.9213 458180 27 28

1619624989.9315 458190 27 28

1619624989.9418 458200 27 28

1619624989.9509 458210 27 28

1619624989.9611 458220 27 28

1619624989.9713 458230 28 28

1619624989.9816 458240 27 27

1619624989.9923 458250 28 28

1619624990.0007 458260 27 28

1619624990.0110 458270 28 27

1619624990.0212 458280 27 28

1619624990.0314 458290 28 28

1619624990.0417 458300 28 27

1619624990.0507 458310 27 28

1619624990.0610 458320 28 28

1619624990.0712 458330 27 28

1619624990.0815 458340 28 27

1619624990.0917 458350 27 28

1619624990.1006 458360 27 27

1619624990.1110 458370 27 27

1619624990.1212 458380 28 27

1619624990.1314 458390 27 27

1619624990.1417 458400 28 27

1619624990.1507 458410 27 27

1619624990.1609 458420 27 27

1619624990.1711 458430 27 26

1619624990.1815 458440 28 27

1619624990.1917 458450 27 26

1619624990.2006 458460 27 27

1619624990.2109 458470 27 27

1619624990.2211 458480 26 27

1619624990.2313 458490 27 27

1619624990.2415 458500 27 26

1619624990.2506 458510 27 27

1619624990.2610 458520 27 27

1619624990.2711 458530 27 27

1619624990.2813 458540 28 27

1619624990.2916 458550 27 26

1619624990.3005 458560 28 28

1619624990.3109 458570 28 27

1619624990.3212 458580 28 27

1619624990.3312 458590 29 28

1619624990.3416 458600 28 28

1619624990.3505 458610 29 29

1619624990.3607 458620 29 28

1619624990.3710 458630 30 29

1619624990.3814 458640 29 29

1619624990.3915 458650 29 29

1619624990.4005 458660 30 29

1619624990.4108 458670 30 29

1619624990.4210 458680 30 29

1619624990.4312 458690 31 30

1619624990.4414 458700 30 30

1619624990.4505 458710 31 30

1619624990.4607 458720 31 31

1619624990.4709 458730 31 30

1619624990.4812 458740 31 31

1619624990.4914 458750 32 30

1619624990.5005 458760 31 31

1619624990.5107 458770 32 31

1619624990.5209 458780 32 31

1619624990.5311 458790 33 31

1619624990.5414 458800 32 31

1619624990.5504 458810 32 32

1619624990.5606 458820 33 32

1619624990.5709 458830 32 31

1619624990.5811 458840 33 33

1619624990.5913 458850 33 32

1619624990.6003 458860 33 33

1619624990.6106 458870 33 33

1619624990.6208 458880 33 33

1619624990.6311 458890 33 33

1619624990.6413 458900 33 34

1619624990.6504 458910 33 33

1619624990.6606 458920 33 34

1619624990.6708 458930 34 34

1619624990.6810 458940 33 35

1619624990.6913 458950 33 34

1619624990.7002 458960 34 34

1619624990.7106 458970 33 35

1619624990.7208 458980 33 35

1619624990.7312 458990 32 35

1619624990.7412 459000 33 35

1619624990.7503 459010 32 35

1619624990.7605 459020 32 35

1619624990.7707 459030 32 34

1619624990.7809 459040 32 35

1619624990.7912 459050 31 36

1619624990.8002 459060 31 35

1619624990.8105 459070 31 35

1619624990.8207 459080 31 36

1619624990.8309 459090 30 36

1619624990.8412 459100 31 35

1619624990.8502 459110 30 36

1619624990.8604 459120 31 36

1619624990.8706 459130 30 35

1619624990.8809 459140 31 35

1619624990.8911 459150 30 36

1619624990.9001 459160 31 35

1619624990.9104 459170 31 35

1619624990.9206 459180 31 35

1619624990.9308 459190 31 35

1619624990.9411 459200 30 34

1619624990.9501 459210 31 34

1619624990.9604 459220 31 33

1619624990.9706 459230 31 34

1619624990.9808 459240 31 32

1619624990.9910 459250 31 33

1619624991.0000 459260 30 32

1619624991.0103 459270 31 32

1619624991.0205 459280 30 32

1619624991.0308 459290 30 32

1619624991.0410 459300 30 31

1619624991.0500 459310 29 31

1619624991.0603 459320 30 31

1619624991.0705 459330 30 31

1619624991.0807 459340 29 30

1619624991.0910 459350 29 30

1619624991.1000 459360 29 30

1619624991.1103 459370 28 29

1619624991.1205 459380 29 29

1619624991.1307 459390 28 29

1619624991.1410 459400 29 28

1619624991.1500 459410 28 29

1619624991.1603 459420 29 27

1619624991.1707 459430 29 27

1619624991.1811 459440 28 28

1619624991.1910 459450 29 26

1619624991.1999 459460 29 26

1619624991.2102 459470 29 26

1619624991.2204 459480 29 26

1619624991.2294 459490 29 26

1619624991.2408 459500 29 26

1619624991.2500 459510 29 25

1619624991.2601 459520 28 26

1619624991.2704 459530 28 25

1619624991.2794 459540 29 25

1619624991.2909 459550 28 25

1619624991.2998 459560 28 26

1619624991.3101 459570 27 25

1619624991.3203 459580 28 25

1619624991.3294 459590 28 25

1619624991.3408 459600 27 25

1619624991.3498 459610 28 26

1619624991.3600 459620 27 25

1619624991.3703 459630 28 25

1619624991.3797 459640 27 25

1619624991.3908 459650 28 25

1619624991.3998 459660 27 26

1619624991.4100 459670 28 25

1619624991.4202 459680 28 25

1619624991.4294 459690 28 25

1619624991.4408 459700 28 25

1619624991.4498 459710 28 26

1619624991.4600 459720 28 25

1619624991.4703 459730 28 26

1619624991.4794 459740 29 25

1619624991.4908 459750 28 26

1619624991.4997 459760 28 26

1619624991.5099 459770 28 26

1619624991.5203 459780 29 26

1619624991.5294 459790 28 26

1619624991.5407 459800 28 27

1619624991.5497 459810 29 26

1619624991.5599 459820 28 27

1619624991.5702 459830 29 26

1619624991.5794 459840 28 27

1619624991.5907 459850 28 27

1619624991.5997 459860 29 27

1619624991.6099 459870 28 27

1619624991.6201 459880 29 27

1619624991.6294 459890 28 27

1619624991.6406 459900 29 27

1619624991.6496 459910 28 27

1619624991.6599 459920 29 27

1619624991.6701 459930 28 28

1619624991.6794 459940 29 27

1619624991.6907 459950 28 26

1619624991.6997 459960 28 28

1619624991.7099 459970 28 27

1619624991.7201 459980 28 27

1619624991.7294 459990 28 27

1619624991.7406 460000 28 28

1619624991.7495 460010 29 27

1619624991.7598 460020 28 28

1619624991.7700 460030 28 28

1619624991.7794 460040 29 27

1619624991.7906 460050 29 28

1619624991.7995 460060 30 28

1619624991.8098 460070 29 28

1619624991.8200 460080 30 28

1619624991.8303 460090 30 28

1619624991.8394 460100 31 29

1619624991.8496 460110 30 28

1619624991.8598 460120 31 30

1619624991.8701 460130 30 29

1619624991.8803 460140 31 30

1619624991.8893 460150 31 30

1619624991.8996 460160 31 31

1619624991.9098 460170 31 31

1619624991.9201 460180 31 31

1619624991.9305 460190 31 32

1619624991.9393 460200 32 32

1619624991.9495 460210 31 32

1619624991.9598 460220 32 32

1619624991.9700 460230 31 33

1619624991.9803 460240 32 33

1619624991.9893 460250 31 33

1619624991.9995 460260 31 33

1619624992.0098 460270 31 34

1619624992.0200 460280 31 34

1619624992.0303 460290 31 34

1619624992.0393 460300 31 35

1619624992.0496 460310 31 34

1619624992.0597 460320 31 35

1619624992.0700 460330 32 34

1619624992.0802 460340 31 35

1619624992.0892 460350 31 35

1619624992.0995 460360 32 35

1619624992.1097 460370 32 35

1619624992.1200 460380 31 35

1619624992.1304 460390 32 35

1619624992.1389 460400 32 35

1619624992.1494 460410 32 35

1619624992.1597 460420 32 34

1619624992.1699 460430 31 34

1619624992.1802 460440 32 34

1619624992.1891 460450 31 34

1619624992.1994 460460 31 34

1619624992.2096 460470 31 34

1619624992.2199 460480 31 33

1619624992.2301 460490 31 34

1619624992.2391 460500 31 34

1619624992.2493 460510 31 33

1619624992.2596 460520 30 33

1619624992.2698 460530 31 33

1619624992.2801 460540 30 33

1619624992.2891 460550 31 32

1619624992.2993 460560 30 32

1619624992.3095 460570 30 32

1619624992.3198 460580 30 31

1619624992.3300 460590 31 30

1619624992.3390 460600 29 31

1619624992.3493 460610 30 30

1619624992.3595 460620 30 29

1619624992.3698 460630 29 29

1619624992.3801 460640 30 29

1619624992.3890 460650 29 28

1619624992.3993 460660 29 27

1619624992.4095 460670 29 27

1619624992.4197 460680 29 26

1619624992.4301 460690 28 26

1619624992.4399 460700 28 25

1619624992.4494 460710 27 25

1619624992.4594 460720 27 24

1619624992.4689 460730 27 24

1619624992.4793 460740 26 23

1619624992.4892 460750 27 24

1619624992.4994 460760 26 23

1619624992.5085 460770 27 23

1619624992.5199 460780 26 23

1619624992.5288 460790 26 23

1619624992.5392 460800 26 23

1619624992.5493 460810 26 23

1619624992.5586 460820 25 22

1619624992.5698 460830 25 23

1619624992.5790 460840 25 23

1619624992.5891 460850 25 23

1619624992.5993 460860 24 24

1619624992.6085 460870 24 24

1619624992.6210 460880 24 23

1619624992.6289 460890 24 24

1619624992.6391 460900 23 24

1619624992.6494 460910 23 23

1619624992.6596 460920 23 24

1619624992.6686 460930 24 24

1619624992.6790 460940 23 24

1619624992.6891 460950 23 24

1619624992.6994 460960 23 24

1619624992.7096 460970 23 24

1619624992.7187 460980 23 24

1619624992.7288 460990 24 25

1619624992.7390 461000 23 24

1619624992.7493 461010 23 24

1619624992.7595 461020 24 24

1619624992.7685 461030 23 24

1619624992.7789 461040 24 24

1619624992.7890 461050 23 24

1619624992.7993 461060 25 23

1619624992.8096 461070 24 24

1619624992.8189 461080 25 24

1619624992.8289 461090 24 24

1619624992.8390 461100 26 25

1619624992.8493 461110 25 24

1619624992.8596 461120 25 25

1619624992.8685 461130 26 25

1619624992.8788 461140 26 24

1619624992.8890 461150 26 25

1619624992.8992 461160 26 26

1619624992.9096 461170 26 25

1619624992.9185 461180 27 26

1619624992.9287 461190 27 26

1619624992.9389 461200 27 27

1619624992.9492 461210 28 27

1619624992.9595 461220 28 27

1619624992.9684 461230 28 27

1619624992.9787 461240 28 27

1619624992.9889 461250 29 28

1619624992.9992 461260 29 28

1619624993.0094 461270 29 28

1619624993.0185 461280 30 28

1619624993.0286 461290 29 29

1619624993.0388 461300 30 29

1619624993.0491 461310 30 29

1619624993.0593 461320 29 29

1619624993.0683 461330 30 29

1619624993.0787 461340 30 30

1619624993.0888 461350 30 30

1619624993.0991 461360 31 31

1619624993.1093 461370 30 30

1619624993.1183 461380 30 31

1619624993.1286 461390 30 31

1619624993.1388 461400 31 31

1619624993.1490 461410 30 31

1619624993.1593 461420 30 32

1619624993.1682 461430 31 31

1619624993.1786 461440 30 31

1619624993.1888 461450 30 31

1619624993.1990 461460 30 31

1619624993.2093 461470 31 31

1619624993.2182 461480 30 30

1619624993.2284 461490 30 30

1619624993.2387 461500 30 30

1619624993.2545 461510 30 30

1619624993.2589 461520 29 29

1619624993.2682 461530 30 29

1619624993.2785 461540 30 29

1619624993.2887 461550 29 28

1619624993.2989 461560 30 29

1619624993.3091 461570 29 28

1619624993.3181 461580 30 28

1619624993.3284 461590 29 28

1619624993.3386 461600 29 28

1619624993.3489 461610 29 27

1619624993.3591 461620 29 28

1619624993.3681 461630 29 27

1619624993.3784 461640 29 28

1619624993.3886 461650 29 27

1619624993.3988 461660 29 27

1619624993.4097 461670 28 27

1619624993.4180 461680 29 27

1619624993.4283 461690 28 27

1619624993.4385 461700 28 26

1619624993.4488 461710 28 26

1619624993.4590 461720 28 26

1619624993.4680 461730 28 26

1619624993.4783 461740 28 25

1619624993.4885 461750 27 26

1619624993.4988 461760 27 25

1619624993.5090 461770 26 25

1619624993.5179 461780 27 25

1619624993.5282 461790 26 25

1619624993.5385 461800 26 25

1619624993.5483 461810 26 25

1619624993.5579 461820 26 24

1619624993.5683 461830 25 25

1619624993.5787 461840 26 25

1619624993.5891 461850 25 24

1619624993.5991 461860 25 25

1619624993.6079 461870 26 24

1619624993.6181 461880 25 25

1619624993.6284 461890 25 24

1619624993.6374 461900 26 24

1619624993.6489 461910 26 25

1619624993.6579 461920 25 25

1619624993.6681 461930 27 25

1619624993.6785 461940 26 25

1619624993.6874 461950 27 26

1619624993.6989 461960 27 26

1619624993.7078 461970 27 26

1619624993.7181 461980 28 26

1619624993.7283 461990 28 26

1619624993.7374 462000 28 26

1619624993.7488 462010 28 27

1619624993.7578 462020 28 27

1619624993.7680 462030 29 27

1619624993.7784 462040 28 27

1619624993.7874 462050 29 28

1619624993.7988 462060 29 28

1619624993.8077 462070 29 29

1619624993.8180 462080 29 28

1619624993.8282 462090 29 29

1619624993.8374 462100 29 29

1619624993.8487 462110 30 30

1619624993.8577 462120 29 29

1619624993.8680 462130 30 30

1619624993.8783 462140 30 29

1619624993.8874 462150 30 29

1619624993.8988 462160 30 30

1619624993.9077 462170 31 30

1619624993.9180 462180 30 29

1619624993.9282 462190 31 30

1619624993.9374 462200 30 30

1619624993.9487 462210 31 30

1619624993.9576 462220 30 29

1619624993.9679 462230 30 30

1619624993.9782 462240 29 30

1619624993.9874 462250 30 30

1619624993.9987 462260 29 30

1619624994.0077 462270 29 29

1619624994.0180 462280 29 30

1619624994.0282 462290 28 29

1619624994.0374 462300 29 29

1619624994.0486 462310 28 28

1619624994.0576 462320 28 29

1619624994.0678 462330 28 28

1619624994.0781 462340 29 28

1619624994.0874 462350 28 28

1619624994.0988 462360 29 28

1619624994.1076 462370 29 27

1619624994.1178 462380 29 28

1619624994.1281 462390 29 27

1619624994.1374 462400 29 28

1619624994.1486 462410 28 27

1619624994.1576 462420 28 29

1619624994.1679 462430 28 28

1619624994.1781 462440 28 29

1619624994.1880 462450 27 29

1619624994.1974 462460 27 30

1619624994.2077 462470 27 30

1619624994.2179 462480 27 30

1619624994.2281 462490 26 30

1619624994.2384 462500 26 30

1619624994.2474 462510 26 30

1619624994.2576 462520 26 30

1619624994.2679 462530 25 30

1619624994.2781 462540 25 30

1619624994.2884 462550 26 30

1619624994.2974 462560 25 30

1619624994.3077 462570 25 30

1619624994.3179 462580 26 31

1619624994.3281 462590 25 30

1619624994.3384 462600 26 31

1619624994.3473 462610 26 31

1619624994.3576 462620 26 30

1619624994.3678 462630 26 31

1619624994.3781 462640 27 31

1619624994.3884 462650 26 31

1619624994.3973 462660 27 30

1619624994.4076 462670 28 31

1619624994.4180 462680 27 30

1619624994.4282 462690 27 30

1619624994.4384 462700 27 30

1619624994.4473 462710 27 29

1619624994.4575 462720 27 30

1619624994.4677 462730 28 29

1619624994.4780 462740 28 30

1619624994.4882 462750 28 28

1619624994.4972 462760 28 29

1619624994.5075 462770 28 29

1619624994.5177 462780 28 29

1619624994.5280 462790 28 29

1619624994.5383 462800 28 29

1619624994.5472 462810 28 28

1619624994.5575 462820 28 29

1619624994.5677 462830 28 28

1619624994.5780 462840 28 27

1619624994.5882 462850 29 28

1619624994.5972 462860 28 27

1619624994.6074 462870 28 27

1619624994.6177 462880 29 26

1619624994.6279 462890 28 26

1619624994.6382 462900 29 26

1619624994.6472 462910 29 26

1619624994.6574 462920 28 26

1619624994.6677 462930 29 27

1619624994.6779 462940 28 26

1619624994.6882 462950 29 27

1619624994.6972 462960 29 26

1619624994.7074 462970 29 28

1619624994.7176 462980 29 27

1619624994.7279 462990 29 28

1619624994.7381 463000 29 28

1619624994.7471 463010 30 28

1619624994.7573 463020 29 29

1619624994.7676 463030 30 29

1619624994.7778 463040 30 29

1619624994.7881 463050 30 30

1619624994.7971 463060 30 30

1619624994.8073 463070 30 29

1619624994.8176 463080 29 30

1619624994.8278 463090 30 30

1619624994.8381 463100 30 29

1619624994.8471 463110 30 29

1619624994.8572 463120 30 30

1619624994.8675 463130 30 29

1619624994.8778 463140 30 29

1619624994.8880 463150 30 30

1619624994.8970 463160 31 29

1619624994.9073 463170 30 30

1619624994.9175 463180 29 30

1619624994.9278 463190 30 30

1619624994.9380 463200 30 30

1619624994.9470 463210 29 30

1619624994.9573 463220 30 30

1619624994.9675 463230 29 30

1619624994.9779 463240 30 30

1619624994.9880 463250 30 29

1619624994.9972 463260 30 30

1619624995.0072 463270 30 30

1619624995.0176 463280 30 29

1619624995.0277 463290 31 30

1619624995.0379 463300 30 29

1619624995.0469 463310 30 29

1619624995.0572 463320 29 30

1619624995.0674 463330 30 29

1619624995.0777 463340 29 29

1619624995.0879 463350 30 29

1619624995.0969 463360 29 29

1619624995.1073 463370 29 29

1619624995.1177 463380 29 29

1619624995.1281 463390 29 29

1619624995.1379 463400 29 28

1619624995.1475 463410 29 29

1619624995.1573 463420 28 28

1619624995.1669 463430 29 29

1619624995.1768 463440 29 28

1619624995.1876 463450 28 28

1619624995.1974 463460 29 29

1619624995.2066 463470 28 28

1619624995.2179 463480 28 29

1619624995.2269 463490 28 28

1619624995.2372 463500 28 29

1619624995.2474 463510 27 28

1619624995.2564 463520 28 28

1619624995.2678 463530 27 28

1619624995.2768 463540 27 28

1619624995.2872 463550 27 28

1619624995.2973 463560 28 28

1619624995.3065 463570 26 28

1619624995.3178 463580 27 27

1619624995.3269 463590 27 28

1619624995.3371 463600 27 28

1619624995.3473 463610 27 28

1619624995.3564 463620 26 27

1619624995.3678 463630 27 28

1619624995.3768 463640 27 27

1619624995.3872 463650 27 27

1619624995.3973 463660 27 27

1619624995.4065 463670 27 27

1619624995.4177 463680 26 27

1619624995.4268 463690 27 27

1619624995.4370 463700 26 27

1619624995.4472 463710 26 27

1619624995.4564 463720 27 26

1619624995.4677 463730 26 27

1619624995.4767 463740 26 27

1619624995.4870 463750 27 27

1619624995.4978 463760 26 26

1619624995.5065 463770 27 27

1619624995.5177 463780 27 27

1619624995.5267 463790 27 26

1619624995.5370 463800 27 27

1619624995.5472 463810 28 27

1619624995.5564 463820 27 27

1619624995.5677 463830 28 27

1619624995.5767 463840 27 26

1619624995.5870 463850 27 28

1619624995.5972 463860 28 26

1619624995.6065 463870 27 27

1619624995.6177 463880 27 27

1619624995.6267 463890 27 27

1619624995.6369 463900 27 27

1619624995.6472 463910 27 27

1619624995.6564 463920 27 28

1619624995.6676 463930 26 27

1619624995.6766 463940 27 28

1619624995.6869 463950 26 27

1619624995.6971 463960 26 28

1619624995.7065 463970 25 28

1619624995.7176 463980 26 28

1619624995.7266 463990 26 28

1619624995.7368 464000 25 28

1619624995.7470 464010 26 29

1619624995.7564 464020 26 29

1619624995.7675 464030 26 28

1619624995.7765 464040 25 29

1619624995.7868 464050 26 29

1619624995.7970 464060 26 30

1619624995.8064 464070 25 29

1619624995.8175 464080 25 29

1619624995.8266 464090 26 30

1619624995.8367 464100 25 29

1619624995.8469 464110 26 30

1619624995.8564 464120 25 30

1619624995.8674 464130 26 29

1619624995.8764 464140 26 30

1619624995.8868 464150 27 31

1619624995.8970 464160 27 30

1619624995.9064 464170 28 30

1619624995.9174 464180 28 31

1619624995.9265 464190 28 31

1619624995.9366 464200 29 31

1619624995.9469 464210 29 31

1619624995.9564 464220 29 31

1619624995.9674 464230 30 31

1619624995.9763 464240 30 31

1619624995.9866 464250 30 31

1619624995.9969 464260 30 31

1619624996.0066 464270 31 31

1619624996.0174 464280 31 32

1619624996.0264 464290 31 31

1619624996.0366 464300 31 32

1619624996.0469 464310 31 31

1619624996.0563 464320 31 32

1619624996.0673 464330 32 32

1619624996.0763 464340 32 31

1619624996.0866 464350 32 32

1619624996.0968 464360 32 32

1619624996.1064 464370 32 32

1619624996.1173 464380 32 32

1619624996.1263 464390 32 33

1619624996.1365 464400 33 32

1619624996.1468 464410 32 32

1619624996.1564 464420 32 33

1619624996.1673 464430 33 32

1619624996.1763 464440 32 33

1619624996.1865 464450 33 33

1619624996.1967 464460 32 33

1619624996.2065 464470 33 33

1619624996.2172 464480 32 33

1619624996.2262 464490 32 33

1619624996.2365 464500 33 33

1619624996.2467 464510 32 33

1619624996.2564 464520 32 33

1619624996.2672 464530 32 32

1619624996.2762 464540 31 33

1619624996.2865 464550 32 32

1619624996.2966 464560 31 33

1619624996.3065 464570 31 32

1619624996.3171 464580 30 32

1619624996.3261 464590 31 32

1619624996.3364 464600 31 31

1619624996.3466 464610 31 32

1619624996.3564 464620 31 31

1619624996.3671 464630 30 31

1619624996.3761 464640 31 31

1619624996.3865 464650 31 31

1619624996.3967 464660 30 30

1619624996.4064 464670 31 31

1619624996.4171 464680 31 30

1619624996.4261 464690 30 30

1619624996.4363 464700 31 29

1619624996.4467 464710 30 30

1619624996.4569 464720 30 29

1619624996.4668 464730 31 30

1619624996.4763 464740 30 29

1619624996.4867 464750 30 29

1619624996.4965 464760 30 29

1619624996.5069 464770 30 29

1619624996.5158 464780 30 29

1619624996.5260 464790 29 29

1619624996.5363 464800 30 29

1619624996.5466 464810 30 29

1619624996.5580 464820 29 28

1619624996.5659 464830 30 29

1619624996.5760 464840 30 28

1619624996.5864 464850 29 28

1619624996.5954 464860 30 28

1619624996.6069 464870 29 27

1619624996.6158 464880 29 28

1619624996.6260 464890 29 27

1619624996.6363 464900 29 27

1619624996.6454 464910 29 28

1619624996.6568 464920 28 27

1619624996.6658 464930 29 27

1619624996.6760 464940 29 27

1619624996.6863 464950 28 27

1619624996.6954 464960 28 28

1619624996.7068 464970 29 27

1619624996.7158 464980 28 27

1619624996.7260 464990 28 28

1619624996.7363 465000 27 28

1619624996.7454 465010 28 28

1619624996.7567 465020 28 27

1619624996.7657 465030 28 28

1619624996.7760 465040 27 28

1619624996.7864 465050 28 29

1619624996.7955 465060 28 28

1619624996.8067 465070 28 28

1619624996.8157 465080 28 28

1619624996.8259 465090 29 29

1619624996.8362 465100 28 29

1619624996.8454 465110 29 28

1619624996.8567 465120 29 30

1619624996.8657 465130 30 29

1619624996.8759 465140 29 29

1619624996.8863 465150 29 29

1619624996.8954 465160 30 30

1619624996.9067 465170 30 29

1619624996.9158 465180 30 30

1619624996.9259 465190 30 30

1619624996.9362 465200 30 30

1619624996.9453 465210 30 31

1619624996.9566 465220 31 30

1619624996.9656 465230 31 31

1619624996.9758 465240 32 31

1619624996.9861 465250 31 31

1619624996.9954 465260 32 31

1619624997.0067 465270 33 32

1619624997.0156 465280 32 32

1619624997.0258 465290 33 33

1619624997.0361 465300 33 33

1619624997.0454 465310 34 34

1619624997.0566 465320 33 34

1619624997.0655 465330 34 35

1619624997.0758 465340 34 35

1619624997.0860 465350 34 36

1619624997.0954 465360 35 36

1619624997.1066 465370 34 37

1619624997.1155 465380 36 37

1619624997.1257 465390 35 38

1619624997.1360 465400 36 37

1619624997.1453 465410 36 39

1619624997.1565 465420 36 38

1619624997.1655 465430 36 38

1619624997.1757 465440 36 39

1619624997.1859 465450 37 39

1619624997.1954 465460 36 39

1619624997.2065 465470 37 39

1619624997.2154 465480 36 39

1619624997.2257 465490 37 39

1619624997.2359 465500 37 39

1619624997.2454 465510 37 39

1619624997.2564 465520 37 38

1619624997.2655 465530 37 38

1619624997.2757 465540 37 37

1619624997.2859 465550 38 38

1619624997.2954 465560 38 36

1619624997.3064 465570 38 37

1619624997.3154 465580 39 36

1619624997.3256 465590 38 36

1619624997.3358 465600 39 36

1619624997.3454 465610 39 35

1619624997.3563 465620 38 36

1619624997.3653 465630 39 36

1619624997.3756 465640 38 35

1619624997.3858 465650 38 36

1619624997.3956 465660 38 36

1619624997.4064 465670 38 36

1619624997.4154 465680 38 36

1619624997.4258 465690 37 36

1619624997.4358 465700 37 36

1619624997.4453 465710 37 36

1619624997.4563 465720 36 36

1619624997.4653 465730 36 36

1619624997.4755 465740 36 35

1619624997.4858 465750 36 36

1619624997.4954 465760 35 35

1619624997.5063 465770 36 36

1619624997.5154 465780 35 35

1619624997.5255 465790 36 35

1619624997.5358 465800 35 35

1619624997.5453 465810 35 35

1619624997.5562 465820 34 35

1619624997.5652 465830 35 35

1619624997.5754 465840 34 35

1619624997.5857 465850 34 36

1619624997.5954 465860 34 34

1619624997.6062 465870 34 35

1619624997.6152 465880 34 35

1619624997.6254 465890 34 34

1619624997.6357 465900 34 34

1619624997.6453 465910 34 34

1619624997.6561 465920 35 33

1619624997.6651 465930 34 33

1619624997.6754 465940 35 33

1619624997.6856 465950 34 33

1619624997.6954 465960 35 34

1619624997.7062 465970 34 33

1619624997.7151 465980 35 33

1619624997.7254 465990 35 34

1619624997.7356 466000 34 34

1619624997.7454 466010 35 34

1619624997.7561 466020 35 35

1619624997.7651 466030 34 34

1619624997.7753 466040 35 35

1619624997.7855 466050 35 35

1619624997.7955 466060 35 35

1619624997.8061 466070 35 34

1619624997.8151 466080 35 35

1619624997.8254 466090 34 35

1619624997.8354 466100 35 35

1619624997.8450 466110 35 35

1619624997.8553 466120 35 35

1619624997.8652 466130 36 35

1619624997.8754 466140 35 35

1619624997.8843 466150 36 35

1619624997.8959 466160 36 35

1619624997.9049 466170 36 35

1619624997.9153 466180 36 35

1619624997.9253 466190 37 35

1619624997.9344 466200 36 35

1619624997.9458 466210 37 36

1619624997.9549 466220 36 36

1619624997.9651 466230 37 36

1619624997.9753 466240 37 37

1619624997.9843 466250 38 36

1619624997.9958 466260 37 37

1619624998.0048 466270 38 37

1619624998.0151 466280 37 37

1619624998.0252 466290 38 38

1619624998.0344 466300 38 37

1619624998.0457 466310 38 38

1619624998.0548 466320 39 37

1619624998.0650 466330 38 38

1619624998.0752 466340 38 39

1619624998.0843 466350 39 38

1619624998.0957 466360 38 39

1619624998.1048 466370 38 40

1619624998.1150 466380 39 39

1619624998.1261 466390 38 39

1619624998.1356 466400 39 39

1619624998.1445 466410 38 40

1619624998.1549 466420 39 39

1619624998.1650 466430 38 39

1619624998.1753 466440 38 38

1619624998.1855 466450 39 39

1619624998.1946 466460 38 38

1619624998.2048 466470 38 39

1619624998.2150 466480 39 38

1619624998.2253 466490 38 39

1619624998.2355 466500 39 38

1619624998.2445 466510 39 39

1619624998.2548 466520 39 39

1619624998.2651 466530 39 40

1619624998.2753 466540 39 39

1619624998.2855 466550 40 40

1619624998.2945 466560 39 40

1619624998.3047 466570 40 40

1619624998.3151 466580 39 40

1619624998.3252 466590 40 40

1619624998.3354 466600 40 40

1619624998.3444 466610 40 40

1619624998.3548 466620 39 40

1619624998.3651 466630 40 40

1619624998.3752 466640 40 40

1619624998.3854 466650 39 40

1619624998.3945 466660 39 39

1619624998.4046 466670 39 39

1619624998.4150 466680 39 39

1619624998.4251 466690 39 39

1619624998.4354 466700 38 38

1619624998.4444 466710 39 38

1619624998.4547 466720 38 38

1619624998.4649 466730 38 37

1619624998.4751 466740 38 37

1619624998.4854 466750 38 37

1619624998.4944 466760 38 36

1619624998.5046 466770 38 36

1619624998.5148 466780 37 36

1619624998.5250 466790 37 35

1619624998.5353 466800 37 35

1619624998.5443 466810 37 36

1619624998.5546 466820 36 34

1619624998.5648 466830 36 35

1619624998.5751 466840 36 34

1619624998.5853 466850 35 34

1619624998.5944 466860 35 34

1619624998.6046 466870 35 33

1619624998.6149 466880 34 32

1619624998.6250 466890 34 33

1619624998.6352 466900 34 32

1619624998.6442 466910 33 31

1619624998.6545 466920 33 31

1619624998.6648 466930 32 31

1619624998.6750 466940 33 31

1619624998.6852 466950 32 30

1619624998.6943 466960 32 30

1619624998.7045 466970 32 29

1619624998.7147 466980 31 30

1619624998.7249 466990 31 29

1619624998.7351 467000 31 28

1619624998.7441 467010 30 29

1619624998.7545 467020 30 28

1619624998.7647 467030 30 28

1619624998.7749 467040 29 28

1619624998.7851 467050 29 27

1619624998.7941 467060 29 28

1619624998.8044 467070 29 27

1619624998.8147 467080 29 28

1619624998.8249 467090 29 27

1619624998.8351 467100 29 28

1619624998.8440 467110 29 27

1619624998.8544 467120 30 27

1619624998.8646 467130 28 28

1619624998.8748 467140 29 27

1619624998.8851 467150 28 27

1619624998.8941 467160 27 27

1619624998.9043 467170 28 28

1619624998.9148 467180 27 27

1619624998.9248 467190 28 27

1619624998.9351 467200 27 27

1619624998.9441 467210 27 27

1619624998.9544 467220 28 26

1619624998.9645 467230 27 27

1619624998.9747 467240 27 26

1619624998.9850 467250 27 25

1619624998.9940 467260 27 26

1619624999.0043 467270 27 25

1619624999.0146 467280 26 25

1619624999.0248 467290 26 25

1619624999.0350 467300 26 25

1619624999.0440 467310 26 25

1619624999.0543 467320 26 25

1619624999.0645 467330 26 25

1619624999.0748 467340 26 25

1619624999.0850 467350 25 25

1619624999.0940 467360 26 24

1619624999.1042 467370 26 26

1619624999.1144 467380 25 25

1619624999.1247 467390 26 25

1619624999.1349 467400 25 25

1619624999.1439 467410 25 25

1619624999.1542 467420 26 25

1619624999.1644 467430 25 25

1619624999.1743 467440 25 25

1619624999.1851 467450 24 25

1619624999.1950 467460 25 25

1619624999.2044 467470 24 25

1619624999.2143 467480 24 24

1619624999.2239 467490 24 25

1619624999.2343 467500 24 25

1619624999.2441 467510 24 25

1619624999.2544 467520 24 25

1619624999.2634 467530 24 26

1619624999.2749 467540 24 24

1619624999.2838 467550 24 25

1619624999.2941 467560 24 24

1619624999.3043 467570 24 25

1619624999.3134 467580 24 24

1619624999.3248 467590 24 25

1619624999.3338 467600 23 24

1619624999.3440 467610 24 24

1619624999.3544 467620 24 24

1619624999.3634 467630 23 24

1619624999.3748 467640 24 24

1619624999.3838 467650 23 24

1619624999.3942 467660 24 23

1619624999.4042 467670 23 23

1619624999.4134 467680 23 23

1619624999.4247 467690 24 22

1619624999.4337 467700 23 22

1619624999.4440 467710 23 22

1619624999.4542 467720 23 23

1619624999.4634 467730 23 22

1619624999.4747 467740 22 22

1619624999.4837 467750 23 23

1619624999.4940 467760 23 23

1619624999.5042 467770 22 22

1619624999.5134 467780 22 23

1619624999.5246 467790 22 22

1619624999.5337 467800 21 22

1619624999.5439 467810 22 22

1619624999.5541 467820 21 22

1619624999.5634 467830 22 22

1619624999.5747 467840 21 21

1619624999.5836 467850 22 22

1619624999.5940 467860 21 21

1619624999.6042 467870 22 21

1619624999.6134 467880 21 21

1619624999.6246 467890 22 21

1619624999.6336 467900 21 20

1619624999.6438 467910 22 21

1619624999.6541 467920 21 21

1619624999.6634 467930 22 20

1619624999.6746 467940 22 20

1619624999.6836 467950 21 21

1619624999.6938 467960 22 20

1619624999.7042 467970 21 21

1619624999.7134 467980 22 20

1619624999.7246 467990 21 20

1619624999.7336 468000 22 20

1619624999.7438 468010 22 20

1619624999.7540 468020 21 20

1619624999.7634 468030 22 20

1619624999.7746 468040 21 20

1619624999.7835 468050 22 20

1619624999.7937 468060 21 20

1619624999.8040 468070 21 20

1619624999.8133 468080 21 21

1619624999.8245 468090 21 20

1619624999.8334 468100 22 20

1619624999.8437 468110 21 21

1619624999.8539 468120 20 21

1619624999.8634 468130 21 21

1619624999.8745 468140 22 21

1619624999.8834 468150 21 21

1619624999.8937 468160 21 21

1619624999.9040 468170 21 21

1619624999.9133 468180 22 21

1619624999.9243 468190 21 21

1619624999.9333 468200 22 21

1619624999.9436 468210 21 21

1619624999.9538 468220 22 21

1619624999.9634 468230 22 21

1619624999.9744 468240 21 20

1619624999.9833 468250 22 21

1619624999.9936 468260 21 21

1619625000.0038 468270 21 21

1619625000.0134 468280 22 20

1619625000.0243 468290 22 21

1619625000.0333 468300 21 20

1619625000.0435 468310 22 20

1619625000.0538 468320 22 21

1619625000.0635 468330 22 20

1619625000.0743 468340 22 20

1619625000.0833 468350 22 21

1619625000.0935 468360 22 20

1619625000.1038 468370 22 21

1619625000.1134 468380 22 21

1619625000.1242 468390 23 21

1619625000.1332 468400 23 21

1619625000.1434 468410 23 21

1619625000.1537 468420 23 22

1619625000.1634 468430 23 22

1619625000.1742 468440 24 22

1619625000.1832 468450 24 22

1619625000.1935 468460 24 23

1619625000.2037 468470 24 23

1619625000.2134 468480 25 23

1619625000.2241 468490 25 23

1619625000.2331 468500 25 23

1619625000.2434 468510 25 24

1619625000.2536 468520 26 24

1619625000.2634 468530 26 24

1619625000.2741 468540 26 25

1619625000.2831 468550 26 25

1619625000.2934 468560 26 25

1619625000.3036 468570 27 26

1619625000.3134 468580 27 27

1619625000.3240 468590 28 27

1619625000.3330 468600 27 27

1619625000.3433 468610 28 28

1619625000.3536 468620 28 28

1619625000.3640 468630 29 28

1619625000.3738 468640 28 29

1619625000.3834 468650 29 29

1619625000.3955 468660 29 29

1619625000.4028 468670 30 29

1619625000.4127 468680 30 30

1619625000.4230 468690 29 30

1619625000.4332 468700 31 30

1619625000.4434 468710 30 30

1619625000.4537 468720 31 30

1619625000.4629 468730 30 31

1619625000.4729 468740 31 30

1619625000.4832 468750 32 30

1619625000.4935 468760 32 30

1619625000.5038 468770 31 31

1619625000.5127 468780 32 31

1619625000.5230 468790 33 31

1619625000.5331 468800 32 31

1619625000.5433 468810 32 32

1619625000.5536 468820 32 32

1619625000.5627 468830 32 32

1619625000.5728 468840 32 32

1619625000.5831 468850 32 33

1619625000.5933 468860 32 33

1619625000.6036 468870 32 33

1619625000.6126 468880 31 33

1619625000.6229 468890 32 33

1619625000.6331 468900 32 34

1619625000.6433 468910 32 33

1619625000.6535 468920 32 34

1619625000.6626 468930 32 34

1619625000.6728 468940 32 35

1619625000.6830 468950 32 35

1619625000.6933 468960 33 35

1619625000.7037 468970 32 36

1619625000.7125 468980 33 35

1619625000.7228 468990 33 36

1619625000.7330 469000 33 36

1619625000.7432 469010 33 36

1619625000.7534 469020 33 36

1619625000.7625 469030 33 36

1619625000.7727 469040 33 36

1619625000.7830 469050 33 36

1619625000.7932 469060 34 36

1619625000.8036 469070 34 36

1619625000.8124 469080 34 36

1619625000.8227 469090 35 36

1619625000.8329 469100 34 35

1619625000.8431 469110 35 36

1619625000.8535 469120 34 35

1619625000.8624 469130 35 36

1619625000.8726 469140 35 35

1619625000.8829 469150 35 35

1619625000.8931 469160 36 36

1619625000.9034 469170 35 36

1619625000.9124 469180 36 35

1619625000.9227 469190 36 36

1619625000.9328 469200 36 36

1619625000.9431 469210 37 35

1619625000.9533 469220 36 36

1619625000.9624 469230 37 36

1619625000.9726 469240 37 35

1619625000.9829 469250 36 36

1619625000.9930 469260 36 35

1619625001.0033 469270 36 36

1619625001.0123 469280 36 36

1619625001.0226 469290 35 36

1619625001.0328 469300 35 36

1619625001.0431 469310 35 36

1619625001.0533 469320 35 36

1619625001.0622 469330 35 36

1619625001.0724 469340 35 36

1619625001.0827 469350 35 36

1619625001.0929 469360 35 37

1619625001.1032 469370 35 36

1619625001.1122 469380 35 37

1619625001.1225 469390 35 36

1619625001.1327 469400 36 37

1619625001.1429 469410 35 37

1619625001.1532 469420 36 37

1619625001.1622 469430 36 36

1619625001.1724 469440 36 37

1619625001.1827 469450 36 37

1619625001.1929 469460 37 37

1619625001.2031 469470 36 37

1619625001.2121 469480 37 37

1619625001.2224 469490 37 37

1619625001.2326 469500 36 38

1619625001.2429 469510 37 37

1619625001.2531 469520 37 37

1619625001.2621 469530 37 38

1619625001.2736 469540 37 37

1619625001.2827 469550 37 38

1619625001.2923 469560 37 36

1619625001.3032 469570 38 37

1619625001.3122 469580 37 37

1619625001.3225 469590 38 36

1619625001.3327 469600 38 37

1619625001.3424 469610 39 36

1619625001.3532 469620 38 36

1619625001.3622 469630 38 36

1619625001.3724 469640 39 36

1619625001.3827 469650 38 36

1619625001.3923 469660 39 36

1619625001.4032 469670 38 36

1619625001.4121 469680 38 36

1619625001.4224 469690 38 36

1619625001.4326 469700 38 36

1619625001.4424 469710 37 36

1619625001.4531 469720 38 36

1619625001.4621 469730 37 36

1619625001.4724 469740 37 36

1619625001.4826 469750 37 36

1619625001.4923 469760 36 35

1619625001.5036 469770 36 36

1619625001.5120 469780 35 36

1619625001.5223 469790 35 36

1619625001.5326 469800 34 35

1619625001.5424 469810 34 35

1619625001.5530 469820 33 36

1619625001.5620 469830 32 35

1619625001.5724 469840 32 35

1619625001.5826 469850 31 35

1619625001.5930 469860 31 34

1619625001.6029 469870 30 35

1619625001.6124 469880 30 34

1619625001.6223 469890 30 35

1619625001.6314 469900 29 34

1619625001.6429 469910 29 34

1619625001.6524 469920 29 34

1619625001.6623 469930 29 35

1619625001.6725 469940 28 34

1619625001.6828 469950 29 34

1619625001.6917 469960 28 34

1619625001.7019 469970 27 35

1619625001.7122 469980 28 34

1619625001.7224 469990 27 34

1619625001.7326 470000 26 35

1619625001.7416 470010 27 34

1619625001.7519 470020 27 35

1619625001.7621 470030 26 34

1619625001.7724 470040 27 34

1619625001.7827 470050 26 34

1619625001.7916 470060 26 34

1619625001.8018 470070 27 34

1619625001.8121 470080 26 33

1619625001.8224 470090 27 34

1619625001.8326 470100 27 33

1619625001.8416 470110 26 33

1619625001.8518 470120 27 32

1619625001.8620 470130 26 33

1619625001.8722 470140 27 32

1619625001.8825 470150 27 32

1619625001.8915 470160 27 32

1619625001.9018 470170 27 32

1619625001.9120 470180 26 31

1619625001.9223 470190 27 32

1619625001.9325 470200 27 32

1619625001.9415 470210 27 31

1619625001.9517 470220 27 32

1619625001.9619 470230 27 31

1619625001.9722 470240 27 31

1619625001.9825 470250 27 31

1619625001.9914 470260 28 31

1619625002.0017 470270 28 31

1619625002.0120 470280 28 30

1619625002.0222 470290 28 31

1619625002.0324 470300 29 30

1619625002.0414 470310 29 31

1619625002.0517 470320 29 30

1619625002.0619 470330 29 30

1619625002.0713 470340 30 30

1619625002.0826 470350 30 31

1619625002.0915 470360 30 30

1619625002.1017 470370 31 31

1619625002.1120 470380 30 30

1619625002.1213 470390 31 30

1619625002.1325 470400 31 31

1619625002.1415 470410 30 30

1619625002.1517 470420 31 30

1619625002.1620 470430 31 30

1619625002.1713 470440 31 30

1619625002.1825 470450 32 31

1619625002.1915 470460 31 30

1619625002.2017 470470 32 31

1619625002.2119 470480 33 30

1619625002.2213 470490 33 31

1619625002.2324 470500 33 31

1619625002.2414 470510 33 31

1619625002.2516 470520 34 31

1619625002.2619 470530 34 31

1619625002.2713 470540 34 31

1619625002.2824 470550 34 30

1619625002.2914 470560 35 31

1619625002.3016 470570 36 31

1619625002.3119 470580 35 30

1619625002.3213 470590 35 31

1619625002.3323 470600 36 31

1619625002.3413 470610 36 31

1619625002.3516 470620 36 31

1619625002.3618 470630 37 31

1619625002.3713 470640 36 32

1619625002.3823 470650 36 31

1619625002.3913 470660 36 32

1619625002.4017 470670 36 32

1619625002.4119 470680 36 32

1619625002.4213 470690 35 32

1619625002.4322 470700 36 32

1619625002.4412 470710 35 33

1619625002.4515 470720 35 33

1619625002.4617 470730 35 33

1619625002.4714 470740 35 33

1619625002.4823 470750 35 33

1619625002.4912 470760 35 33

1619625002.5015 470770 35 34

1619625002.5118 470780 34 33

1619625002.5213 470790 35 33

1619625002.5322 470800 34 33

1619625002.5412 470810 35 34

1619625002.5515 470820 35 32

1619625002.5617 470830 34 33

1619625002.5714 470840 35 33

1619625002.5821 470850 35 33

1619625002.5912 470860 34 32

1619625002.6014 470870 35 32

1619625002.6117 470880 36 33

1619625002.6213 470890 35 32

1619625002.6321 470900 34 32

1619625002.6411 470910 36 33

1619625002.6514 470920 35 32

1619625002.6617 470930 35 32

1619625002.6714 470940 35 33

1619625002.6822 470950 36 33

1619625002.6912 470960 35 32

1619625002.7014 470970 35 33

1619625002.7117 470980 36 33

1619625002.7213 470990 36 33

1619625002.7321 471000 36 33

1619625002.7411 471010 36 33

1619625002.7514 471020 36 33

1619625002.7616 471030 36 34

1619625002.7714 471040 36 34

1619625002.7821 471050 36 33

1619625002.7911 471060 36 34

1619625002.8014 471070 37 33

1619625002.8116 471080 36 34

1619625002.8213 471090 37 34

1619625002.8321 471100 36 34

1619625002.8411 471110 36 34

1619625002.8518 471120 36 34

1619625002.8615 471130 36 34

1619625002.8714 471140 36 35

1619625002.8820 471150 35 34

1619625002.8910 471160 36 35

1619625002.9013 471170 35 35

1619625002.9115 471180 35 36

1619625002.9213 471190 35 35

1619625002.9320 471200 35 35

1619625002.9418 471210 36 36

1619625002.9514 471220 35 35

1619625002.9612 471230 35 36

1619625002.9709 471240 34 36

1619625002.9807 471250 35 36

1619625002.9915 471260 35 35

1619625003.0014 471270 34 36

1619625003.0104 471280 34 36

1619625003.0218 471290 34 35

1619625003.0309 471300 34 36

1619625003.0411 471310 34 35

1619625003.0513 471320 34 36

1619625003.0603 471330 34 35

1619625003.0718 471340 34 36

1619625003.0808 471350 33 36

1619625003.0910 471360 35 36

1619625003.1013 471370 33 35

1619625003.1104 471380 34 36

1619625003.1218 471390 34 35

1619625003.1308 471400 34 36

1619625003.1410 471410 34 35

1619625003.1512 471420 34 35

1619625003.1603 471430 34 36

1619625003.1717 471440 35 35

1619625003.1807 471450 34 35

1619625003.1910 471460 35 35

1619625003.2012 471470 34 35

1619625003.2104 471480 35 35

1619625003.2217 471490 35 35

1619625003.2307 471500 35 34

1619625003.2409 471510 35 35

1619625003.2512 471520 35 35

1619625003.2603 471530 36 35

1619625003.2717 471540 35 34

1619625003.2807 471550 36 34

1619625003.2910 471560 35 35

1619625003.3011 471570 36 34

1619625003.3104 471580 36 34

1619625003.3216 471590 36 33

1619625003.3307 471600 36 34

1619625003.3409 471610 35 33

1619625003.3511 471620 36 34

1619625003.3603 471630 36 33

1619625003.3716 471640 35 33

1619625003.3806 471650 35 33

1619625003.3909 471660 36 33

1619625003.4012 471670 35 33

1619625003.4104 471680 34 34

1619625003.4216 471690 35 33

1619625003.4306 471700 35 34

1619625003.4408 471710 35 34

1619625003.4510 471720 34 34

1619625003.4603 471730 34 34

1619625003.4716 471740 34 34

1619625003.4805 471750 34 34

1619625003.4909 471760 33 34

1619625003.5011 471770 33 34

1619625003.5104 471780 33 34

1619625003.5216 471790 33 34

1619625003.5306 471800 33 33

1619625003.5407 471810 32 34

1619625003.5510 471820 32 34

1619625003.5604 471830 32 33

1619625003.5715 471840 32 34

1619625003.5805 471850 32 34

1619625003.5908 471860 31 34

1619625003.6010 471870 32 33

1619625003.6104 471880 31 34

1619625003.6215 471890 32 34

1619625003.6305 471900 32 34

1619625003.6410 471910 32 34

1619625003.6510 471920 31 34

1619625003.6603 471930 32 34

1619625003.6715 471940 32 34

1619625003.6805 471950 31 33

1619625003.6909 471960 32 34

1619625003.7010 471970 31 34

1619625003.7106 471980 32 34

1619625003.7214 471990 31 35

1619625003.7305 472000 31 34

1619625003.7407 472010 31 35

1619625003.7510 472020 31 35

1619625003.7603 472030 31 35

1619625003.7714 472040 31 35

1619625003.7804 472050 31 36

1619625003.7907 472060 30 35

1619625003.8009 472070 31 37

1619625003.8104 472080 32 36

1619625003.8213 472090 31 36

1619625003.8304 472100 32 36

1619625003.8406 472110 32 36

1619625003.8508 472120 32 36

1619625003.8603 472130 32 36

1619625003.8713 472140 33 36

1619625003.8803 472150 32 36

1619625003.8906 472160 33 35

1619625003.9008 472170 33 36

1619625003.9104 472180 32 35

1619625003.9213 472190 33 36

1619625003.9303 472200 33 35

1619625003.9405 472210 32 36

1619625003.9507 472220 32 35

1619625003.9603 472230 33 36

1619625003.9712 472240 32 35

1619625003.9802 472250 33 35

1619625003.9906 472260 32 35

1619625004.0007 472270 33 34

1619625004.0104 472280 33 35

1619625004.0213 472290 33 34

1619625004.0302 472300 34 35

1619625004.0404 472310 33 35

1619625004.0507 472320 33 34

1619625004.0603 472330 34 35

1619625004.0712 472340 33 35

1619625004.0802 472350 34 34

1619625004.0905 472360 33 35

1619625004.1007 472370 33 34

1619625004.1105 472380 34 35

1619625004.1212 472390 33 34

1619625004.1302 472400 33 34

1619625004.1404 472410 34 35

1619625004.1507 472420 33 34

1619625004.1603 472430 33 34

1619625004.1712 472440 33 35

1619625004.1801 472450 33 35

1619625004.1904 472460 33 35

1619625004.2006 472470 33 35

1619625004.2104 472480 33 36

1619625004.2211 472490 34 35

1619625004.2301 472500 33 37

1619625004.2404 472510 34 36

1619625004.2506 472520 33 36

1619625004.2603 472530 34 37

1619625004.2711 472540 35 36

1619625004.2801 472550 34 37

1619625004.2904 472560 35 37

1619625004.3005 472570 35 37

1619625004.3104 472580 35 37

1619625004.3210 472590 35 38

1619625004.3300 472600 36 37

1619625004.3403 472610 35 38

1619625004.3507 472620 35 37

1619625004.3603 472630 36 39

1619625004.3710 472640 36 38

1619625004.3808 472650 36 38

1619625004.3904 472660 36 38

1619625004.4007 472670 36 38

1619625004.4110 472680 37 39

1619625004.4214 472690 37 38

1619625004.4305 472700 38 37

1619625004.4403 472710 37 38

1619625004.4493 472720 38 37

1619625004.4608 472730 37 37

1619625004.4698 472740 38 36

1619625004.4801 472750 38 37

1619625004.4904 472760 37 36

1619625004.4994 472770 38 37

1619625004.5109 472780 37 36

1619625004.5198 472790 37 36

1619625004.5301 472800 37 36

1619625004.5403 472810 37 36

1619625004.5494 472820 37 36

1619625004.5607 472830 37 36

1619625004.5698 472840 37 36

1619625004.5800 472850 36 36

1619625004.5903 472860 37 37

1619625004.5994 472870 36 36

1619625004.6108 472880 36 36

1619625004.6198 472890 37 36

1619625004.6300 472900 36 36

1619625004.6402 472910 36 35

1619625004.6493 472920 37 35

1619625004.6607 472930 36 35

1619625004.6697 472940 37 34

1619625004.6800 472950 36 34

1619625004.6903 472960 36 34

1619625004.6995 472970 36 34

1619625004.7108 472980 35 34

1619625004.7197 472990 35 34

1619625004.7299 473000 35 35

1619625004.7402 473010 34 34

1619625004.7493 473020 34 34

1619625004.7607 473030 34 34

1619625004.7697 473040 34 34

1619625004.7799 473050 33 34

1619625004.7902 473060 33 33

1619625004.7995 473070 33 34

1619625004.8107 473080 33 33

1619625004.8196 473090 33 34

1619625004.8299 473100 32 33

1619625004.8401 473110 32 33

1619625004.8493 473120 33 33

1619625004.8606 473130 32 33

1619625004.8696 473140 32 33

1619625004.8798 473150 33 32

1619625004.8901 473160 32 33

1619625004.8993 473170 32 33

1619625004.9107 473180 32 33

1619625004.9196 473190 32 33

1619625004.9298 473200 32 32

1619625004.9401 473210 32 33

1619625004.9493 473220 33 33

1619625004.9606 473230 32 33

1619625004.9695 473240 33 32

1619625004.9799 473250 32 33

1619625004.9901 473260 33 33

1619625004.9994 473270 34 33

1619625005.0106 473280 33 33

1619625005.0195 473290 33 33

1619625005.0298 473300 34 32

1619625005.0400 473310 33 33

1619625005.0493 473320 34 33

1619625005.0605 473330 33 32

1619625005.0695 473340 34 33

1619625005.0798 473350 34 33

1619625005.0900 473360 33 32

1619625005.0993 473370 34 33

1619625005.1106 473380 34 32

1619625005.1195 473390 33 32

1619625005.1298 473400 34 32

1619625005.1400 473410 34 32

1619625005.1493 473420 34 32

1619625005.1605 473430 33 32

1619625005.1695 473440 34 32

1619625005.1798 473450 34 31

1619625005.1899 473460 34 32

1619625005.1994 473470 33 32

1619625005.2116 473480 34 31

1619625005.2196 473490 33 32

1619625005.2298 473500 34 32

1619625005.2401 473510 34 32

1619625005.2504 473520 34 32

1619625005.2593 473530 34 32

1619625005.2696 473540 34 33

1619625005.2798 473550 34 33

1619625005.2901 473560 34 33

1619625005.3003 473570 35 33

1619625005.3093 473580 34 34

1619625005.3195 473590 35 33

1619625005.3297 473600 35 34

1619625005.3400 473610 35 34

1619625005.3503 473620 35 35

1619625005.3592 473630 35 34

1619625005.3695 473640 35 36

1619625005.3797 473650 36 34

1619625005.3900 473660 35 36

1619625005.4004 473670 36 35

1619625005.4093 473680 36 36

1619625005.4195 473690 36 35

1619625005.4298 473700 36 36

1619625005.4400 473710 36 35

1619625005.4503 473720 36 36

1619625005.4592 473730 36 36

1619625005.4695 473740 37 36

1619625005.4798 473750 36 36

1619625005.4900 473760 36 35

1619625005.5002 473770 36 36

1619625005.5093 473780 37 36

1619625005.5195 473790 36 36

1619625005.5297 473800 37 36

1619625005.5399 473810 37 35

1619625005.5501 473820 37 36

1619625005.5592 473830 37 36

1619625005.5694 473840 37 35

1619625005.5797 473850 37 36

1619625005.5899 473860 37 36

1619625005.6002 473870 36 35

1619625005.6092 473880 37 36

1619625005.6194 473890 36 35

1619625005.6297 473900 36 36

1619625005.6399 473910 36 35

1619625005.6501 473920 36 35

1619625005.6592 473930 36 36

1619625005.6694 473940 36 34

1619625005.6797 473950 35 35

1619625005.6899 473960 36 35

1619625005.7001 473970 35 35

1619625005.7091 473980 36 35

1619625005.7194 473990 35 35

1619625005.7296 474000 35 34

1619625005.7399 474010 34 35

1619625005.7501 474020 35 35

1619625005.7591 474030 35 34

1619625005.7693 474040 35 34

1619625005.7796 474050 34 34

1619625005.7898 474060 35 34

1619625005.8001 474070 34 34

1619625005.8090 474080 35 33

1619625005.8194 474090 34 33

1619625005.8295 474100 35 34

1619625005.8398 474110 34 33

1619625005.8500 474120 33 32

1619625005.8590 474130 34 33

1619625005.8693 474140 34 33

1619625005.8795 474150 34 33

1619625005.8898 474160 33 33

1619625005.9000 474170 34 33

1619625005.9090 474180 34 33

1619625005.9193 474190 33 33

1619625005.9295 474200 34 32

1619625005.9397 474210 34 33

1619625005.9499 474220 34 33

1619625005.9589 474230 34 33

1619625005.9692 474240 34 33

1619625005.9794 474250 34 33

1619625005.9897 474260 35 33

1619625006.0003 474270 34 33

1619625006.0090 474280 35 33

1619625006.0192 474290 34 34

1619625006.0294 474300 35 33

1619625006.0398 474310 34 34

1619625006.0499 474320 35 33

1619625006.0589 474330 35 34

1619625006.0691 474340 35 34

1619625006.0794 474350 35 34

1619625006.0896 474360 36 34

1619625006.0999 474370 35 34

1619625006.1097 474380 36 34

1619625006.1193 474390 36 33

1619625006.1296 474400 36 35

1619625006.1400 474410 36 34

1619625006.1498 474420 35 34

1619625006.1594 474430 36 35

1619625006.1692 474440 36 34

1619625006.1789 474450 35 35

1619625006.1887 474460 36 34

1619625006.1990 474470 35 35

1619625006.2092 474480 36 35

1619625006.2195 474490 36 35

1619625006.2297 474500 35 36

1619625006.2388 474510 36 36

1619625006.2489 474520 36 35

1619625006.2592 474530 36 37

1619625006.2694 474540 36 36

1619625006.2796 474550 37 37

1619625006.2886 474560 36 36

1619625006.2989 474570 36 37

1619625006.3091 474580 36 37

1619625006.3194 474590 36 36

1619625006.3296 474600 36 37

1619625006.3386 474610 36 36

1619625006.3488 474620 36 37

1619625006.3591 474630 36 36

1619625006.3693 474640 37 37

1619625006.3795 474650 37 37

1619625006.3885 474660 37 37

1619625006.3988 474670 37 37

1619625006.4091 474680 38 36

1619625006.4193 474690 37 37

1619625006.4295 474700 37 37

1619625006.4386 474710 38 37

1619625006.4488 474720 37 36

1619625006.4591 474730 37 37

1619625006.4693 474740 38 36

1619625006.4795 474750 38 36

1619625006.4885 474760 38 37

1619625006.4988 474770 37 36

1619625006.5093 474780 38 37

1619625006.5193 474790 38 36

1619625006.5295 474800 38 37

1619625006.5385 474810 38 37

1619625006.5487 474820 37 37

1619625006.5591 474830 38 37

1619625006.5693 474840 38 37

1619625006.5796 474850 38 37

1619625006.5888 474860 38 37

1619625006.5988 474870 38 37

1619625006.6089 474880 38 37

1619625006.6192 474890 38 36

1619625006.6294 474900 38 37

1619625006.6385 474910 38 36

1619625006.6486 474920 37 37

1619625006.6590 474930 38 37

1619625006.6691 474940 37 37

1619625006.6794 474950 38 38

1619625006.6885 474960 37 37

1619625006.6987 474970 37 38

1619625006.7089 474980 37 37

1619625006.7192 474990 36 38

1619625006.7294 475000 37 37

1619625006.7385 475010 36 37

1619625006.7486 475020 35 38

1619625006.7589 475030 36 37

1619625006.7691 475040 35 37

1619625006.7793 475050 36 37

1619625006.7886 475060 35 38

1619625006.7986 475070 35 37

1619625006.8089 475080 35 38

1619625006.8191 475090 35 37

1619625006.8294 475100 35 38

1619625006.8384 475110 34 37

1619625006.8486 475120 35 37

1619625006.8589 475130 34 37

1619625006.8691 475140 34 37

1619625006.8793 475150 34 37

1619625006.8883 475160 34 37

1619625006.8985 475170 34 38

1619625006.9088 475180 34 37

1619625006.9190 475190 33 38

1619625006.9292 475200 34 37

1619625006.9383 475210 34 38

1619625006.9485 475220 34 38

1619625006.9588 475230 34 37

1619625006.9690 475240 34 38

1619625006.9792 475250 35 37

1619625006.9882 475260 35 38

1619625006.9986 475270 36 37

1619625007.0093 475280 36 36

1619625007.0190 475290 36 37

1619625007.0292 475300 36 36

1619625007.0382 475310 36 37

1619625007.0484 475320 36 36

1619625007.0587 475330 37 36

1619625007.0689 475340 36 37

1619625007.0792 475350 36 36

1619625007.0882 475360 36 36

1619625007.0985 475370 37 36

1619625007.1087 475380 36 36

1619625007.1189 475390 36 35

1619625007.1292 475400 36 36

1619625007.1381 475410 37 36

1619625007.1484 475420 36 35

1619625007.1587 475430 36 36

1619625007.1688 475440 37 36

1619625007.1791 475450 37 36

1619625007.1881 475460 37 36

1619625007.1984 475470 37 37

1619625007.2086 475480 38 37

1619625007.2189 475490 37 37

1619625007.2291 475500 38 37

1619625007.2381 475510 38 36

1619625007.2483 475520 38 38

1619625007.2587 475530 38 36

1619625007.2688 475540 37 37

1619625007.2791 475550 38 36

1619625007.2881 475560 37 35

1619625007.2984 475570 37 36

1619625007.3087 475580 37 34

1619625007.3188 475590 37 35

1619625007.3290 475600 37 34

1619625007.3380 475610 37 35

1619625007.3483 475620 37 35

1619625007.3586 475630 36 34

1619625007.3688 475640 37 35

1619625007.3790 475650 36 34

1619625007.3880 475660 37 35

1619625007.3983 475670 37 34

1619625007.4086 475680 37 35

1619625007.4188 475690 37 34

1619625007.4290 475700 38 34

1619625007.4379 475710 38 34

1619625007.4482 475720 38 34

1619625007.4585 475730 38 34

1619625007.4687 475740 38 34

1619625007.4789 475750 38 34

1619625007.4879 475760 38 34

1619625007.4982 475770 38 33

1619625007.5084 475780 38 34

1619625007.5187 475790 38 33

1619625007.5289 475800 38 33

1619625007.5379 475810 38 33

1619625007.5482 475820 37 33

1619625007.5585 475830 37 32

1619625007.5687 475840 37 33

1619625007.5789 475850 37 34

1619625007.5879 475860 37 33

1619625007.5981 475870 36 33

1619625007.6084 475880 36 34

1619625007.6186 475890 36 34

1619625007.6290 475900 36 34

1619625007.6389 475910 36 34

1619625007.6484 475920 36 34

1619625007.6582 475930 36 34

1619625007.6673 475940 35 35

1619625007.6788 475950 35 35

1619625007.6878 475960 35 34

1619625007.6981 475970 35 35

1619625007.7084 475980 34 35

1619625007.7173 475990 35 36

1619625007.7288 476000 35 35

1619625007.7378 476010 35 36

1619625007.7480 476020 34 35

1619625007.7583 476030 35 35

1619625007.7673 476040 35 36

1619625007.7788 476050 35 36

1619625007.7877 476060 36 36

1619625007.7980 476070 35 36

1619625007.8082 476080 35 36

1619625007.8173 476090 35 37

1619625007.8287 476100 36 37

1619625007.8376 476110 36 37

1619625007.8479 476120 36 37

1619625007.8581 476130 36 37

1619625007.8673 476140 37 37

1619625007.8787 476150 37 38

1619625007.8877 476160 37 38

1619625007.8979 476170 37 37

1619625007.9081 476180 38 38

1619625007.9173 476190 39 39

1619625007.9287 476200 38 38

1619625007.9376 476210 39 38

1619625007.9478 476220 39 39

1619625007.9581 476230 39 39

1619625007.9673 476240 38 38

1619625007.9786 476250 39 39

1619625007.9876 476260 38 38

1619625007.9978 476270 39 39

1619625008.0081 476280 38 39

1619625008.0173 476290 38 38

1619625008.0286 476300 38 39

1619625008.0376 476310 37 38

1619625008.0478 476320 38 39

1619625008.0581 476330 38 39

1619625008.0673 476340 38 38

1619625008.0785 476350 37 39

1619625008.0876 476360 39 38

1619625008.0978 476370 38 38

1619625008.1080 476380 39 39

1619625008.1173 476390 39 38

1619625008.1285 476400 39 38

1619625008.1375 476410 40 38

1619625008.1477 476420 40 37

1619625008.1580 476430 41 38

1619625008.1673 476440 41 37

1619625008.1785 476450 41 38

1619625008.1874 476460 41 37

1619625008.1977 476470 41 37

1619625008.2079 476480 41 37

1619625008.2173 476490 41 37

1619625008.2284 476500 41 37

1619625008.2374 476510 41 37

1619625008.2477 476520 41 37

1619625008.2579 476530 40 38

1619625008.2673 476540 41 37

1619625008.2785 476550 40 37

1619625008.2874 476560 40 38

1619625008.2977 476570 40 37

1619625008.3079 476580 40 38

1619625008.3173 476590 40 38

1619625008.3284 476600 39 37

1619625008.3374 476610 40 37

1619625008.3476 476620 39 37

1619625008.3590 476630 39 37

1619625008.3682 476640 38 37

1619625008.3772 476650 38 36

1619625008.3875 476660 37 36

1619625008.3977 476670 37 36

1619625008.4081 476680 37 36

1619625008.4183 476690 36 35

1619625008.4273 476700 36 35

1619625008.4375 476710 35 35

1619625008.4477 476720 35 34

1619625008.4580 476730 34 34

1619625008.4681 476740 34 34

1619625008.4771 476750 33 34

1619625008.4874 476760 33 34

1619625008.4977 476770 33 33

1619625008.5079 476780 31 34

1619625008.5183 476790 32 33

1619625008.5272 476800 32 33

1619625008.5374 476810 31 33

1619625008.5476 476820 31 33

1619625008.5578 476830 31 32

1619625008.5681 476840 31 32

1619625008.5771 476850 30 32

1619625008.5874 476860 31 31

1619625008.5976 476870 30 32

1619625008.6079 476880 30 31

1619625008.6182 476890 29 31

1619625008.6271 476900 30 31

1619625008.6373 476910 29 31

1619625008.6476 476920 29 31

1619625008.6578 476930 29 30

1619625008.6680 476940 28 31

1619625008.6770 476950 28 30

1619625008.6872 476960 28 30

1619625008.6975 476970 28 30

1619625008.7078 476980 27 30

1619625008.7180 476990 27 29

1619625008.7270 477000 27 29

1619625008.7373 477010 26 29

1619625008.7475 477020 27 29

1619625008.7578 477030 26 28

1619625008.7679 477040 26 29

1619625008.7769 477050 26 28

1619625008.7872 477060 26 28

1619625008.7974 477070 26 28

1619625008.8077 477080 25 29

1619625008.8179 477090 26 27

1619625008.8269 477100 26 28

1619625008.8372 477110 26 28

1619625008.8474 477120 26 28

1619625008.8577 477130 26 27

1619625008.8679 477140 25 28

1619625008.8769 477150 26 27

1619625008.8871 477160 26 28

1619625008.8974 477170 26 27

1619625008.9076 477180 26 27

1619625008.9179 477190 26 28

1619625008.9269 477200 26 27

1619625008.9372 477210 27 28

1619625008.9476 477220 27 27

1619625008.9580 477230 26 27

1619625008.9678 477240 28 27

1619625008.9768 477250 27 28

1619625008.9871 477260 27 27

1619625008.9973 477270 28 27

1619625009.0064 477280 27 28

1619625009.0178 477290 28 27

1619625009.0268 477300 28 28

1619625009.0370 477310 29 27

1619625009.0472 477320 28 28

1619625009.0563 477330 29 27

1619625009.0677 477340 28 28

1619625009.0767 477350 29 28

1619625009.0871 477360 29 27

1619625009.0972 477370 29 28

1619625009.1064 477380 29 28

1619625009.1177 477390 29 28

1619625009.1267 477400 29 29

1619625009.1369 477410 28 28

1619625009.1482 477420 29 29

1619625009.1575 477430 29 29

1619625009.1666 477440 29 29

1619625009.1768 477450 28 29

1619625009.1871 477460 29 29

1619625009.1973 477470 29 29

1619625009.2075 477480 30 30

1619625009.2165 477490 29 29

1619625009.2268 477500 29 29

1619625009.2369 477510 29 30

1619625009.2472 477520 30 30

1619625009.2574 477530 29 29

1619625009.2666 477540 29 30

1619625009.2766 477550 30 30

1619625009.2869 477560 29 30

1619625009.2971 477570 30 29

1619625009.3074 477580 29 30

1619625009.3164 477590 29 30

1619625009.3268 477600 30 29

1619625009.3369 477610 29 29

1619625009.3471 477620 29 29

1619625009.3574 477630 29 29

1619625009.3663 477640 29 29

1619625009.3766 477650 29 29

1619625009.3869 477660 29 28

1619625009.3970 477670 29 28

1619625009.4075 477680 29 28

1619625009.4163 477690 28 28

1619625009.4266 477700 28 27

1619625009.4368 477710 28 28

1619625009.4470 477720 28 26

1619625009.4572 477730 28 27

1619625009.4663 477740 28 26

1619625009.4765 477750 27 26

1619625009.4868 477760 27 26

1619625009.4970 477770 26 25

1619625009.5072 477780 27 25

1619625009.5163 477790 27 25

1619625009.5266 477800 26 24

1619625009.5368 477810 26 24

1619625009.5469 477820 25 24

1619625009.5571 477830 26 24

1619625009.5662 477840 25 23

1619625009.5764 477850 24 23

1619625009.5867 477860 25 23

1619625009.5969 477870 23 23

1619625009.6072 477880 23 22

1619625009.6162 477890 23 22

1619625009.6265 477900 22 22

1619625009.6367 477910 21 22

1619625009.6468 477920 21 21

1619625009.6571 477930 20 21

1619625009.6661 477940 19 20

1619625009.6763 477950 18 19

1619625009.6867 477960 18 19

1619625009.6968 477970 17 18

1619625009.7071 477980 17 17

1619625009.7161 477990 16 17

1619625009.7264 478000 15 16

1619625009.7366 478010 16 15

1619625009.7468 478020 14 15

1619625009.7570 478030 14 15

1619625009.7660 478040 14 14

1619625009.7763 478050 13 14

1619625009.7866 478060 12 12

1619625009.7967 478070 12 13

1619625009.8070 478080 12 12

1619625009.8160 478090 11 11

1619625009.8263 478100 10 11

1619625009.8365 478110 10 10

1619625009.8460 478120 9 9

1619625009.8561 478130 9 9

1619625009.8663 478140 8 8

1619625009.8765 478150 8 8

1619625009.8853 478160 7 7

1619625009.8954 478170 7 7

1619625009.9055 478180 6 6

1619625009.9157 478190 5 6

1619625009.9258 478200 6 5

1619625009.9359 478210 5 5

1619625009.9460 478220 4 3

1619625009.9561 478230 4 4

1619625009.9663 478240 3 3

1619625009.9764 478250 3 2

1619625009.9853 478260 2 2

1619625009.9966 478270 2 1

1619625010.0057 478280 1 0

1619625010.0160 478290 0 0

1619625010.0262 478300 0 0

1619625010.0353 478310 -1 0

1619625010.0468 478320 -1 0

1619625010.0557 478330 -1 0

1619625010.0659 478340 0 0

1619625010.0762 478350 0 0

1619625010.0851 478360 0 0

1619625010.0966 478370 0 0

1619625010.1056 478380 0 0

1619625010.1159 478390 0 0

1619625010.1262 478400 0 0

1619625010.1352 478410 0 0

1619625010.1466 478420 0 0

1619625010.1556 478430 0 0

1619625010.1658 478440 0 0

1619625010.1761 478450 0 0

1619625010.1851 478460 0 0

1619625010.1965 478470 0 0

1619625010.2056 478480 0 0

1619625010.2158 478490 0 0

1619625010.2260 478500 0 0

1619625010.2352 478510 0 0

1619625010.2466 478520 0 0

1619625010.2555 478530 0 0

1619625010.2657 478540 0 0

1619625010.2760 478550 0 0

1619625010.2851 478560 0 0

1619625010.2965 478570 0 0

1619625010.3055 478580 0 0

1619625010.3157 478590 0 0

1619625010.3259 478600 0 0

1619625010.3352 478610 0 0

1619625010.3465 478620 0 0

1619625010.3554 478630 0 0

1619625010.3657 478640 0 0

1619625010.3759 478650 0 0

1619625010.3851 478660 0 0

1619625010.3964 478670 0 0

1619625010.4054 478680 0 0

1619625010.4157 478690 0 0

1619625010.4259 478700 0 0

1619625010.4352 478710 0 0

1619625010.4464 478720 0 0

1619625010.4553 478730 0 0

1619625010.4656 478740 0 0

1619625010.4759 478750 0 0

1619625010.4851 478760 0 0

1619625010.4963 478770 0 0

1619625010.5053 478780 0 0

1619625010.5156 478790 0 0

1619625010.5258 478800 0 0

1619625010.5352 478810 0 0

1619625010.5464 478820 0 0

1619625010.5553 478830 0 0

1619625010.5655 478840 0 0

1619625010.5758 478850 0 0

1619625010.5851 478860 0 0

1619625010.5963 478870 0 0

1619625010.6053 478880 0 0

1619625010.6156 478890 0 0

1619625010.6258 478900 0 0

1619625010.6352 478910 0 0

1619625010.6463 478920 0 0

1619625010.6553 478930 0 0

1619625010.6654 478940 0 0

1619625010.6757 478950 0 0

1619625010.6851 478960 0 0

1619625010.6962 478970 0 0

1619625010.7052 478980 0 0

1619625010.7154 478990 0 0

1619625010.7257 479000 0 0

1619625010.7352 479010 0 0

1619625010.7462 479020 0 0

1619625010.7552 479030 0 0

1619625010.7654 479040 0 0

1619625010.7756 479050 0 0

1619625010.7851 479060 0 0

1619625010.7961 479070 0 0

1619625010.8051 479080 0 0

1619625010.8154 479090 0 0

1619625010.8256 479100 0 0

1619625010.8352 479110 0 0

1619625010.8461 479120 0 0

1619625010.8551 479130 0 0

1619625010.8654 479140 0 0

1619625010.8755 479150 0 0

1619625010.8851 479160 0 0

1619625010.8960 479170 0 0

1619625010.9050 479180 0 0

1619625010.9153 479190 0 0

1619625010.9256 479200 0 0

1619625010.9352 479210 0 0

1619625010.9460 479220 0 0

1619625010.9550 479230 0 0

1619625010.9653 479240 0 0

1619625010.9755 479250 0 0

1619625010.9851 479260 0 0

1619625010.9960 479270 0 0

1619625011.0049 479280 0 0

1619625011.0152 479290 0 0

1619625011.0255 479300 0 0

1619625011.0352 479310 0 0

1619625011.0460 479320 0 0

1619625011.0550 479330 0 0

1619625011.0652 479340 0 0

1619625011.0755 479350 0 0

1619625011.0851 479360 0 0

1619625011.0960 479370 0 0

1619625011.1044 479380 0 0

1619625011.1146 479390 0 0

1619625011.1247 479400 0 0

1619625011.1348 479410 0 0

1619625011.1449 479420 0 0

1619625011.1551 479430 0 0

1619625011.1651 479440 0 0

1619625011.1753 479450 0 0

1619625011.1854 479460 0 0

1619625011.1943 479470 0 0

1619625011.2044 479480 0 0

1619625011.2146 479490 0 0

1619625011.2247 479500 0 0

1619625011.2348 479510 0 0

1619625011.2449 479520 0 0

1619625011.2551 479530 0 0

1619625011.2651 479540 0 0

1619625011.2741 479550 0 0

1619625011.2857 479560 0 0

1619625011.2947 479570 0 0

1619625011.3049 479580 0 0

1619625011.3152 479590 0 0

1619625011.3242 479600 0 0

1619625011.3357 479610 0 0

1619625011.3446 479620 0 0

1619625011.3550 479630 0 0

1619625011.3651 479640 0 0

1619625011.3741 479650 0 0

1619625011.3856 479660 0 0

1619625011.3946 479670 0 0

1619625011.4048 479680 0 0

1619625011.4152 479690 0 0

1619625011.4242 479700 0 0

1619625011.4356 479710 0 0

1619625011.4446 479720 0 0

1619625011.4549 479730 0 0

1619625011.4651 479740 0 0

1619625011.4741 479750 0 0

1619625011.4855 479760 0 0

1619625011.4945 479770 0 0

1619625011.5047 479780 0 0

1619625011.5151 479790 0 0

1619625011.5242 479800 0 0

1619625011.5355 479810 0 0

1619625011.5445 479820 0 0

1619625011.5548 479830 0 0

1619625011.5650 479840 0 0

1619625011.5741 479850 0 0

1619625011.5854 479860 0 0

1619625011.5945 479870 0 0

1619625011.6046 479880 0 0

1619625011.6150 479890 0 0

1619625011.6241 479900 0 0

1619625011.6354 479910 0 0

1619625011.6444 479920 0 0

1619625011.6547 479930 0 0

1619625011.6649 479940 0 0

1619625011.6741 479950 0 0

1619625011.6853 479960 0 0

1619625011.6944 479970 0 0

1619625011.7046 479980 0 0

1619625011.7149 479990 0 0

1619625011.7243 480000 0 0

1619625011.7353 480010 0 0

1619625011.7443 480020 0 0

1619625011.7546 480030 0 0

1619625011.7648 480040 0 0

1619625011.7741 480050 0 0

1619625011.7852 480060 0 0

1619625011.7943 480070 0 0

1619625011.8056 480080 0 0

1619625011.8149 480090 0 0

1619625011.8251 480100 0 0

1619625011.8341 480110 0 0

1619625011.8444 480120 0 0

1619625011.8547 480130 0 0

1619625011.8649 480140 0 0

1619625011.8751 480150 0 0

1619625011.8842 480160 0 0

1619625011.8945 480170 0 0

1619625011.9046 480180 0 0

1619625011.9148 480190 0 0

1619625011.9251 480200 0 0

1619625011.9341 480210 0 0

1619625011.9443 480220 0 0

1619625011.9546 480230 0 0

1619625011.9648 480240 0 0

1619625011.9751 480250 0 0

1619625011.9840 480260 0 0

1619625011.9944 480270 0 0

1619625012.0045 480280 0 0

1619625012.0148 480290 0 0

1619625012.0250 480300 0 0

1619625012.0340 480310 0 0

1619625012.0442 480320 0 0

1619625012.0545 480330 0 0

1619625012.0647 480340 0 0

1619625012.0750 480350 0 0

1619625012.0840 480360 0 0

1619625012.0943 480370 0 0

1619625012.1045 480380 0 0

1619625012.1147 480390 0 0

1619625012.1250 480400 0 0

1619625012.1340 480410 0 0

1619625012.1442 480420 0 0

1619625012.1545 480430 0 0

1619625012.1647 480440 0 0

1619625012.1749 480450 0 0

1619625012.1839 480460 0 0

1619625012.1941 480470 0 0

1619625012.2044 480480 0 0

1619625012.2147 480490 0 0

1619625012.2252 480500 0 0

1619625012.3797 480510 0 0

