1619624849.9630 318060 0 0

1619624849.9637 318070 0 0

1619624849.9643 318080 0 0

1619624849.9648 318090 0 0

1619624849.9656 318100 0 0

1619624849.9661 318110 0 0

1619624849.9667 318120 0 0

1619624849.9722 318130 0 0

1619624849.9830 318140 0 0

1619624849.9932 318150 1 0

1619624850.0021 318160 0 0

1619624850.0137 318170 0 0

1619624850.0236 318180 0 0

1619624850.0329 318190 0 0

1619624850.0432 318200 0 0

1619624850.0521 318210 0 0

1619624850.0636 318220 0 0

1619624850.0727 318230 0 0

1619624850.0829 318240 0 0

1619624850.0931 318250 0 0

1619624850.1021 318260 0 0

1619624850.1135 318270 0 0

1619624850.1226 318280 0 0

1619624850.1324 318290 0 0

1619624850.1431 318300 0 0

1619624850.1521 318310 0 0

1619624850.1636 318320 0 0

1619624850.1724 318330 0 0

1619624850.1828 318340 0 0

1619624850.1930 318350 0 0

1619624850.2021 318360 0 0

1619624850.2135 318370 0 0

1619624850.2225 318380 0 0

1619624850.2327 318390 0 0

1619624850.2430 318400 0 0

1619624850.2521 318410 0 0

1619624850.2635 318420 0 0

1619624850.2725 318430 0 0

1619624850.2828 318440 0 0

1619624850.2929 318450 0 0

1619624850.3021 318460 0 0

1619624850.3134 318470 0 0

1619624850.3225 318480 0 0

1619624850.3328 318490 0 0

1619624850.3429 318500 0 0

1619624850.3521 318510 0 0

1619624850.3634 318520 0 0

1619624850.3724 318530 0 0

1619624850.3827 318540 0 0

1619624850.3929 318550 0 0

1619624850.4021 318560 0 0

1619624850.4134 318570 0 0

1619624850.4225 318580 0 0

1619624850.4326 318590 0 0

1619624850.4428 318600 0 0

1619624850.4521 318610 1 0

1619624850.4633 318620 0 0

1619624850.4723 318630 1 0

1619624850.4826 318640 1 0

1619624850.4928 318650 2 0

1619624850.5021 318660 3 0

1619624850.5133 318670 4 0

1619624850.5223 318680 4 0

1619624850.5325 318690 5 0

1619624850.5428 318700 5 0

1619624850.5521 318710 6 0

1619624850.5632 318720 6 0

1619624850.5722 318730 6 0

1619624850.5825 318740 6 0

1619624850.5927 318750 6 0

1619624850.6021 318760 7 0

1619624850.6132 318770 6 0

1619624850.6223 318780 7 0

1619624850.6325 318790 6 0

1619624850.6428 318800 6 0

1619624850.6521 318810 6 0

1619624850.6632 318820 6 1

1619624850.6721 318830 6 0

1619624850.6824 318840 4 1

1619624850.6926 318850 4 0

1619624850.7021 318860 4 1

1619624850.7131 318870 2 0

1619624850.7221 318880 3 1

1619624850.7324 318890 3 1

1619624850.7427 318900 2 1

1619624850.7521 318910 1 2

1619624850.7631 318920 0 3

1619624850.7721 318930 0 3

1619624850.7825 318940 -1 4

1619624850.7926 318950 -1 4

1619624850.8021 318960 0 5

1619624850.8144 318970 1 5

1619624850.8222 318980 0 5

1619624850.8325 318990 1 5

1619624850.8427 319000 1 5

1619624850.8529 319010 1 5

1619624850.8619 319020 1 5

1619624850.8722 319030 2 5

1619624850.8824 319040 3 4

1619624850.8926 319050 4 4

1619624850.9029 319060 5 4

1619624850.9119 319070 6 5

1619624850.9223 319080 6 4

1619624850.9324 319090 8 4

1619624850.9426 319100 8 5

1619624850.9529 319110 9 5

1619624850.9620 319120 10 6

1619624850.9722 319130 11 6

1619624850.9825 319140 12 6

1619624850.9927 319150 11 7

1619624851.0030 319160 13 8

1619624851.0120 319170 12 8

1619624851.0222 319180 14 9

1619624851.0324 319190 14 9

1619624851.0427 319200 14 11

1619624851.0530 319210 14 12

1619624851.0620 319220 14 12

1619624851.0722 319230 14 13

1619624851.0825 319240 15 14

1619624851.0927 319250 15 15

1619624851.1030 319260 16 15

1619624851.1120 319270 16 16

1619624851.1223 319280 16 17

1619624851.1324 319290 17 17

1619624851.1426 319300 17 17

1619624851.1529 319310 18 18

1619624851.1619 319320 18 18

1619624851.1722 319330 19 18

1619624851.1825 319340 19 19

1619624851.1926 319350 20 18

1619624851.2029 319360 20 19

1619624851.2119 319370 21 20

1619624851.2221 319380 21 19

1619624851.2324 319390 21 20

1619624851.2427 319400 22 20

1619624851.2529 319410 22 20

1619624851.2619 319420 23 20

1619624851.2720 319430 23 21

1619624851.2824 319440 24 22

1619624851.2925 319450 23 21

1619624851.3028 319460 24 22

1619624851.3118 319470 24 22

1619624851.3222 319480 25 23

1619624851.3326 319490 25 23

1619624851.3429 319500 25 24

1619624851.3528 319510 25 23

1619624851.3623 319520 26 25

1619624851.3721 319530 26 24

1619624851.3812 319540 26 25

1619624851.3927 319550 27 26

1619624851.4018 319560 26 25

1619624851.4120 319570 27 26

1619624851.4224 319580 27 26

1619624851.4314 319590 28 26

1619624851.4428 319600 27 27

1619624851.4517 319610 27 26

1619624851.4619 319620 27 27

1619624851.4722 319630 28 26

1619624851.4812 319640 28 27

1619624851.4927 319650 28 27

1619624851.5017 319660 28 27

1619624851.5119 319670 29 27

1619624851.5222 319680 29 26

1619624851.5313 319690 28 27

1619624851.5427 319700 29 27

1619624851.5517 319710 29 27

1619624851.5618 319720 29 28

1619624851.5721 319730 28 27

1619624851.5812 319740 28 28

1619624851.5926 319750 29 28

1619624851.6016 319760 27 28

1619624851.6118 319770 27 28

1619624851.6221 319780 27 29

1619624851.6323 319790 27 28

1619624851.6415 319800 26 29

1619624851.6517 319810 26 29

1619624851.6619 319820 26 29

1619624851.6722 319830 25 29

1619624851.6824 319840 25 29

1619624851.6914 319850 25 30

1619624851.7016 319860 24 29

1619624851.7119 319870 23 30

1619624851.7222 319880 24 30

1619624851.7324 319890 23 30

1619624851.7414 319900 23 30

1619624851.7517 319910 23 30

1619624851.7619 319920 22 30

1619624851.7721 319930 23 30

1619624851.7824 319940 23 30

1619624851.7914 319950 23 30

1619624851.8016 319960 23 29

1619624851.8118 319970 24 29

1619624851.8221 319980 24 29

1619624851.8323 319990 24 29

1619624851.8413 320000 25 29

1619624851.8516 320010 25 29

1619624851.8618 320020 26 29

1619624851.8721 320030 25 28

1619624851.8824 320040 26 29

1619624851.8913 320050 26 29

1619624851.9016 320060 26 29

1619624851.9119 320070 27 29

1619624851.9221 320080 26 29

1619624851.9324 320090 26 30

1619624851.9413 320100 27 29

1619624851.9515 320110 27 29

1619624851.9618 320120 27 30

1619624851.9720 320130 28 30

1619624851.9823 320140 27 29

1619624851.9913 320150 29 30

1619624852.0015 320160 28 29

1619624852.0117 320170 28 30

1619624852.0220 320180 29 30

1619624852.0323 320190 28 30

1619624852.0413 320200 29 31

1619624852.0515 320210 29 30

1619624852.0617 320220 29 30

1619624852.0719 320230 29 30

1619624852.0822 320240 29 30

1619624852.0912 320250 30 30

1619624852.1014 320260 29 29

1619624852.1117 320270 30 29

1619624852.1219 320280 31 29

1619624852.1322 320290 30 28

1619624852.1412 320300 31 28

1619624852.1515 320310 30 28

1619624852.1617 320320 31 28

1619624852.1719 320330 31 28

1619624852.1821 320340 31 27

1619624852.1911 320350 31 27

1619624852.2014 320360 31 28

1619624852.2116 320370 31 27

1619624852.2219 320380 31 28

1619624852.2321 320390 31 28

1619624852.2411 320400 31 28

1619624852.2514 320410 31 29

1619624852.2616 320420 30 28

1619624852.2718 320430 30 29

1619624852.2821 320440 30 29

1619624852.2911 320450 30 29

1619624852.3013 320460 30 29

1619624852.3115 320470 29 29

1619624852.3218 320480 28 28

1619624852.3320 320490 28 28

1619624852.3410 320500 28 28

1619624852.3513 320510 28 28

1619624852.3615 320520 30 28

1619624852.3718 320530 29 29

1619624852.3820 320540 29 28

1619624852.3909 320550 30 28

1619624852.4012 320560 29 28

1619624852.4114 320570 30 28

1619624852.4223 320580 29 28

1619624852.4319 320590 29 28

1619624852.4409 320600 29 29

1619624852.4512 320610 29 28

1619624852.4615 320620 29 28

1619624852.4717 320630 29 29

1619624852.4819 320640 29 29

1619624852.4910 320650 30 29

1619624852.5012 320660 29 28

1619624852.5115 320670 30 29

1619624852.5217 320680 30 29

1619624852.5320 320690 30 29

1619624852.5409 320700 31 29

1619624852.5512 320710 30 28

1619624852.5614 320720 31 29

1619624852.5716 320730 31 29

1619624852.5819 320740 30 29

1619624852.5909 320750 31 29

1619624852.6011 320760 31 29

1619624852.6114 320770 30 29

1619624852.6216 320780 31 29

1619624852.6319 320790 30 30

1619624852.6408 320800 31 29

1619624852.6510 320810 31 30

1619624852.6613 320820 31 29

1619624852.6715 320830 30 30

1619624852.6818 320840 32 30

1619624852.6908 320850 31 29

1619624852.7010 320860 31 31

1619624852.7113 320870 31 30

1619624852.7211 320880 32 30

1619624852.7319 320890 31 30

1619624852.7417 320900 32 31

1619624852.7513 320910 31 31

1619624852.7611 320920 31 31

1619624852.7703 320930 31 31

1619624852.7817 320940 31 31

1619624852.7908 320950 30 31

1619624852.8010 320960 31 32

1619624852.8112 320970 30 31

1619624852.8202 320980 30 31

1619624852.8317 320990 31 31

1619624852.8408 321000 30 31

1619624852.8511 321010 31 32

1619624852.8612 321020 31 31

1619624852.8703 321030 32 31

1619624852.8817 321040 32 31

1619624852.8907 321050 32 32

1619624852.9009 321060 32 31

1619624852.9112 321070 32 31

1619624852.9204 321080 32 32

1619624852.9317 321090 33 31

1619624852.9407 321100 32 32

1619624852.9510 321110 33 31

1619624852.9612 321120 32 32

1619624852.9702 321130 32 32

1619624852.9817 321140 32 31

1619624852.9906 321150 31 32

1619624853.0008 321160 32 31

1619624853.0111 321170 32 32

1619624853.0202 321180 31 31

1619624853.0316 321190 32 31

1619624853.0406 321200 32 31

1619624853.0509 321210 32 31

1619624853.0611 321220 32 31

1619624853.0703 321230 33 31

1619624853.0816 321240 32 32

1619624853.0906 321250 32 31

1619624853.1007 321260 33 32

1619624853.1111 321270 33 31

1619624853.1202 321280 32 32

1619624853.1315 321290 32 32

1619624853.1405 321300 33 31

1619624853.1508 321310 32 32

1619624853.1610 321320 32 31

1619624853.1706 321330 32 32

1619624853.1815 321340 31 31

1619624853.1906 321350 32 32

1619624853.2015 321360 30 31

1619624853.2111 321370 31 32

1619624853.2214 321380 30 32

1619624853.2304 321390 30 31

1619624853.2406 321400 30 31

1619624853.2509 321410 30 31

1619624853.2611 321420 31 31

1619624853.2713 321430 30 30

1619624853.2803 321440 30 31

1619624853.2906 321450 30 29

1619624853.3008 321460 30 31

1619624853.3111 321470 31 29

1619624853.3213 321480 30 31

1619624853.3304 321490 31 30

1619624853.3406 321500 31 31

1619624853.3508 321510 32 31

1619624853.3610 321520 32 32

1619624853.3712 321530 32 32

1619624853.3803 321540 33 32

1619624853.3906 321550 33 33

1619624853.4008 321560 34 33

1619624853.4110 321570 33 33

1619624853.4214 321580 33 34

1619624853.4303 321590 34 34

1619624853.4405 321600 34 35

1619624853.4509 321610 33 34

1619624853.4610 321620 33 35

1619624853.4713 321630 34 35

1619624853.4802 321640 34 36

1619624853.4905 321650 33 35

1619624853.5007 321660 34 36

1619624853.5109 321670 34 36

1619624853.5212 321680 33 37

1619624853.5302 321690 33 36

1619624853.5404 321700 33 37

1619624853.5507 321710 33 37

1619624853.5609 321720 32 38

1619624853.5712 321730 33 38

1619624853.5802 321740 33 38

1619624853.5904 321750 33 38

1619624853.6007 321760 33 38

1619624853.6109 321770 34 39

1619624853.6211 321780 35 38

1619624853.6301 321790 35 39

1619624853.6403 321800 35 38

1619624853.6507 321810 35 38

1619624853.6608 321820 35 37

1619624853.6711 321830 36 38

1619624853.6801 321840 36 36

1619624853.6904 321850 36 37

1619624853.7006 321860 37 36

1619624853.7108 321870 36 36

1619624853.7210 321880 37 36

1619624853.7301 321890 37 35

1619624853.7403 321900 37 36

1619624853.7507 321910 36 35

1619624853.7608 321920 37 36

1619624853.7710 321930 37 36

1619624853.7800 321940 37 35

1619624853.7903 321950 37 36

1619624853.8005 321960 36 35

1619624853.8108 321970 37 36

1619624853.8210 321980 36 36

1619624853.8300 321990 37 36

1619624853.8403 322000 36 36

1619624853.8506 322010 36 35

1619624853.8607 322020 35 37

1619624853.8709 322030 36 35

1619624853.8799 322040 35 37

1619624853.8902 322050 36 36

1619624853.9005 322060 35 36

1619624853.9107 322070 35 37

1619624853.9209 322080 35 36

1619624853.9300 322090 34 37

1619624853.9402 322100 35 36

1619624853.9505 322110 35 36

1619624853.9607 322120 36 36

1619624853.9709 322130 35 36

1619624853.9799 322140 36 35

1619624853.9903 322150 35 36

1619624854.0004 322160 36 35

1619624854.0106 322170 36 35

1619624854.0209 322180 35 36

1619624854.0299 322190 35 35

1619624854.0401 322200 35 35

1619624854.0504 322210 34 34

1619624854.0605 322220 34 35

1619624854.0708 322230 33 34

1619624854.0798 322240 34 34

1619624854.0900 322250 33 33

1619624854.1003 322260 32 34

1619624854.1105 322270 33 32

1619624854.1209 322280 33 33

1619624854.1308 322290 32 32

1619624854.1403 322300 32 32

1619624854.1502 322310 31 32

1619624854.1598 322320 32 31

1619624854.1698 322330 31 31

1619624854.1804 322340 31 30

1619624854.1908 322350 30 30

1619624854.2006 322360 30 30

1619624854.2097 322370 30 29

1619624854.2199 322380 30 30

1619624854.2301 322390 29 28

1619624854.2403 322400 29 29

1619624854.2506 322410 29 28

1619624854.2595 322420 28 27

1619624854.2698 322430 28 28

1619624854.2800 322440 28 27

1619624854.2903 322450 27 27

1619624854.3005 322460 27 26

1619624854.3095 322470 27 26

1619624854.3198 322480 27 26

1619624854.3301 322490 27 26

1619624854.3403 322500 26 26

1619624854.3506 322510 26 25

1619624854.3595 322520 26 25

1619624854.3697 322530 25 25

1619624854.3800 322540 25 26

1619624854.3903 322550 25 25

1619624854.4005 322560 25 25

1619624854.4095 322570 24 26

1619624854.4198 322580 25 25

1619624854.4300 322590 24 24

1619624854.4403 322600 24 24

1619624854.4506 322610 24 24

1619624854.4594 322620 24 24

1619624854.4697 322630 23 23

1619624854.4799 322640 23 23

1619624854.4902 322650 23 23

1619624854.5005 322660 23 22

1619624854.5095 322670 23 23

1619624854.5196 322680 22 22

1619624854.5299 322690 22 23

1619624854.5402 322700 22 22

1619624854.5505 322710 22 22

1619624854.5595 322720 21 21

1619624854.5696 322730 22 22

1619624854.5798 322740 21 21

1619624854.5901 322750 21 22

1619624854.6003 322760 21 21

1619624854.6094 322770 21 22

1619624854.6196 322780 21 21

1619624854.6298 322790 20 21

1619624854.6401 322800 21 21

1619624854.6504 322810 20 21

1619624854.6594 322820 21 20

1619624854.6695 322830 20 21

1619624854.6797 322840 21 20

1619624854.6900 322850 21 20

1619624854.7002 322860 20 20

1619624854.7092 322870 21 20

1619624854.7195 322880 20 19

1619624854.7297 322890 21 20

1619624854.7400 322900 20 20

1619624854.7503 322910 20 19

1619624854.7592 322920 20 20

1619624854.7695 322930 20 20

1619624854.7797 322940 20 20

1619624854.7899 322950 21 19

1619624854.8002 322960 20 20

1619624854.8092 322970 20 19

1619624854.8194 322980 21 19

1619624854.8297 322990 20 20

1619624854.8399 323000 20 19

1619624854.8502 323010 21 19

1619624854.8593 323020 20 20

1619624854.8695 323030 19 19

1619624854.8797 323040 20 20

1619624854.8899 323050 19 19

1619624854.9001 323060 19 20

1619624854.9091 323070 19 19

1619624854.9194 323080 18 19

1619624854.9296 323090 19 19

1619624854.9399 323100 18 19

1619624854.9501 323110 18 18

1619624854.9591 323120 19 19

1619624854.9694 323130 18 18

1619624854.9796 323140 18 17

1619624854.9898 323150 17 17

1619624855.0001 323160 18 18

1619624855.0091 323170 17 17

1619624855.0193 323180 18 16

1619624855.0295 323190 17 17

1619624855.0398 323200 17 17

1619624855.0500 323210 17 17

1619624855.0590 323220 18 17

1619624855.0693 323230 16 17

1619624855.0795 323240 17 17

1619624855.0898 323250 16 16

1619624855.1000 323260 16 16

1619624855.1090 323270 16 17

1619624855.1192 323280 16 16

1619624855.1294 323290 16 16

1619624855.1397 323300 16 16

1619624855.1499 323310 16 16

1619624855.1589 323320 16 16

1619624855.1692 323330 16 15

1619624855.1795 323340 16 16

1619624855.1897 323350 16 16

1619624855.2000 323360 17 15

1619624855.2089 323370 16 16

1619624855.2191 323380 17 16

1619624855.2294 323390 17 16

1619624855.2396 323400 17 16

1619624855.2499 323410 18 16

1619624855.2589 323420 17 16

1619624855.2691 323430 18 17

1619624855.2794 323440 19 17

1619624855.2896 323450 19 17

1619624855.2999 323460 18 17

1619624855.3089 323470 20 18

1619624855.3191 323480 19 18

1619624855.3294 323490 20 19

1619624855.3396 323500 19 18

1619624855.3499 323510 20 20

1619624855.3588 323520 20 19

1619624855.3691 323530 20 19

1619624855.3793 323540 21 20

1619624855.3895 323550 21 20

1619624855.3998 323560 21 20

1619624855.4088 323570 21 20

1619624855.4191 323580 22 20

1619624855.4295 323590 22 20

1619624855.4399 323600 22 21

1619624855.4497 323610 22 21

1619624855.4593 323620 23 21

1619624855.4691 323630 22 21

1619624855.4788 323640 23 22

1619624855.4886 323650 23 22

1619624855.4989 323660 24 22

1619624855.5091 323670 23 23

1619624855.5194 323680 24 22

1619624855.5296 323690 24 24

1619624855.5386 323700 25 23

1619624855.5488 323710 24 23

1619624855.5591 323720 25 24

1619624855.5707 323730 25 24

1619624855.5796 323740 25 25

1619624855.5886 323750 25 24

1619624855.5989 323760 26 25

1619624855.6091 323770 25 24

1619624855.6183 323780 26 25

1619624855.6297 323790 26 25

1619624855.6386 323800 26 26

1619624855.6488 323810 27 25

1619624855.6591 323820 27 25

1619624855.6682 323830 27 26

1619624855.6796 323840 27 26

1619624855.6886 323850 27 26

1619624855.6989 323860 27 25

1619624855.7090 323870 27 26

1619624855.7183 323880 27 26

1619624855.7296 323890 28 26

1619624855.7386 323900 27 27

1619624855.7488 323910 27 27

1619624855.7591 323920 27 27

1619624855.7682 323930 27 27

1619624855.7795 323940 28 27

1619624855.7885 323950 28 27

1619624855.7988 323960 28 27

1619624855.8090 323970 28 27

1619624855.8183 323980 28 27

1619624855.8295 323990 27 27

1619624855.8385 324000 28 27

1619624855.8487 324010 28 27

1619624855.8590 324020 27 27

1619624855.8683 324030 28 26

1619624855.8794 324040 27 27

1619624855.8884 324050 28 26

1619624855.8988 324060 27 27

1619624855.9089 324070 28 27

1619624855.9183 324080 27 26

1619624855.9295 324090 27 27

1619624855.9385 324100 27 26

1619624855.9487 324110 27 26

1619624855.9590 324120 27 26

1619624855.9682 324130 26 27

1619624855.9794 324140 26 26

1619624855.9883 324150 26 26

1619624855.9987 324160 26 26

1619624856.0088 324170 26 26

1619624856.0183 324180 26 25

1619624856.0294 324190 26 26

1619624856.0384 324200 27 26

1619624856.0486 324210 26 25

1619624856.0589 324220 27 26

1619624856.0682 324230 26 25

1619624856.0793 324240 26 26

1619624856.0883 324250 26 25

1619624856.0986 324260 25 25

1619624856.1088 324270 26 25

1619624856.1183 324280 25 25

1619624856.1293 324290 26 25

1619624856.1383 324300 25 25

1619624856.1485 324310 25 25

1619624856.1588 324320 25 25

1619624856.1682 324330 25 25

1619624856.1793 324340 24 25

1619624856.1882 324350 24 25

1619624856.1985 324360 24 24

1619624856.2087 324370 24 25

1619624856.2182 324380 24 23

1619624856.2292 324390 24 24

1619624856.2383 324400 24 23

1619624856.2485 324410 24 23

1619624856.2588 324420 24 24

1619624856.2682 324430 24 22

1619624856.2792 324440 23 24

1619624856.2882 324450 23 23

1619624856.2985 324460 24 23

1619624856.3086 324470 23 24

1619624856.3182 324480 24 23

1619624856.3291 324490 24 23

1619624856.3381 324500 24 23

1619624856.3484 324510 24 23

1619624856.3587 324520 24 23

1619624856.3682 324530 25 24

1619624856.3791 324540 24 23

1619624856.3881 324550 25 24

1619624856.3984 324560 25 24

1619624856.4086 324570 25 24

1619624856.4182 324580 25 24

1619624856.4291 324590 26 25

1619624856.4381 324600 26 25

1619624856.4483 324610 26 25

1619624856.4586 324620 27 25

1619624856.4684 324630 28 27

1619624856.4790 324640 28 26

1619624856.4880 324650 29 27

1619624856.4983 324660 29 27

1619624856.5085 324670 30 28

1619624856.5182 324680 29 28

1619624856.5290 324690 30 29

1619624856.5380 324700 29 29

1619624856.5482 324710 30 30

1619624856.5585 324720 29 30

1619624856.5682 324730 30 31

1619624856.5790 324740 29 31

1619624856.5880 324750 30 32

1619624856.5983 324760 30 32

1619624856.6084 324770 30 33

1619624856.6182 324780 30 33

1619624856.6289 324790 31 34

1619624856.6379 324800 31 34

1619624856.6482 324810 32 35

1619624856.6585 324820 31 35

1619624856.6688 324830 32 35

1619624856.6778 324840 32 35

1619624856.6881 324850 32 34

1619624856.6985 324860 32 35

1619624856.7089 324870 33 34

1619624856.7188 324880 34 34

1619624856.7277 324890 33 34

1619624856.7380 324900 34 34

1619624856.7483 324910 35 34

1619624856.7572 324920 34 33

1619624856.7687 324930 35 34

1619624856.7777 324940 35 33

1619624856.7879 324950 34 33

1619624856.7982 324960 35 33

1619624856.8073 324970 34 33

1619624856.8187 324980 34 32

1619624856.8277 324990 33 33

1619624856.8379 325000 33 33

1619624856.8482 325010 32 33

1619624856.8572 325020 32 31

1619624856.8687 325030 32 32

1619624856.8777 325040 32 32

1619624856.8879 325050 32 31

1619624856.8981 325060 32 30

1619624856.9073 325070 31 31

1619624856.9186 325080 32 31

1619624856.9276 325090 32 31

1619624856.9378 325100 31 31

1619624856.9481 325110 32 32

1619624856.9572 325120 31 33

1619624856.9686 325130 31 32

1619624856.9776 325140 30 32

1619624856.9878 325150 31 32

1619624856.9980 325160 31 32

1619624857.0073 325170 30 32

1619624857.0186 325180 31 31

1619624857.0275 325190 30 30

1619624857.0378 325200 30 30

1619624857.0480 325210 30 30

1619624857.0572 325220 31 29

1619624857.0685 325230 30 30

1619624857.0775 325240 30 29

1619624857.0877 325250 31 29

1619624857.0980 325260 30 30

1619624857.1072 325270 30 29

1619624857.1185 325280 30 30

1619624857.1275 325290 30 29

1619624857.1387 325300 29 30

1619624857.1481 325310 29 30

1619624857.1583 325320 29 30

1619624857.1673 325330 28 30

1619624857.1776 325340 29 31

1619624857.1878 325350 28 30

1619624857.1981 325360 28 30

1619624857.2083 325370 28 30

1619624857.2173 325380 28 29

1619624857.2276 325390 28 29

1619624857.2378 325400 27 28

1619624857.2482 325410 28 29

1619624857.2583 325420 28 28

1619624857.2672 325430 27 28

1619624857.2775 325440 28 28

1619624857.2877 325450 27 27

1619624857.2979 325460 28 28

1619624857.3082 325470 27 27

1619624857.3172 325480 28 27

1619624857.3275 325490 27 27

1619624857.3377 325500 27 28

1619624857.3480 325510 28 27

1619624857.3583 325520 27 27

1619624857.3672 325530 27 27

1619624857.3775 325540 27 26

1619624857.3877 325550 27 27

1619624857.3979 325560 27 26

1619624857.4081 325570 27 26

1619624857.4171 325580 27 26

1619624857.4274 325590 26 26

1619624857.4377 325600 26 26

1619624857.4479 325610 26 26

1619624857.4582 325620 25 26

1619624857.4672 325630 26 26

1619624857.4773 325640 24 26

1619624857.4876 325650 25 26

1619624857.4978 325660 24 26

1619624857.5081 325670 24 26

1619624857.5170 325680 24 26

1619624857.5273 325690 24 25

1619624857.5376 325700 24 26

1619624857.5478 325710 24 26

1619624857.5581 325720 23 25

1619624857.5670 325730 24 26

1619624857.5773 325740 23 25

1619624857.5875 325750 23 25

1619624857.5978 325760 23 25

1619624857.6080 325770 24 25

1619624857.6171 325780 23 24

1619624857.6272 325790 24 24

1619624857.6375 325800 24 24

1619624857.6477 325810 24 24

1619624857.6580 325820 23 23

1619624857.6670 325830 24 24

1619624857.6772 325840 24 24

1619624857.6875 325850 24 24

1619624857.6977 325860 24 25

1619624857.7080 325870 25 24

1619624857.7169 325880 24 24

1619624857.7272 325890 24 25

1619624857.7374 325900 24 24

1619624857.7482 325910 24 24

1619624857.7579 325920 24 23

1619624857.7669 325930 24 24

1619624857.7772 325940 24 23

1619624857.7874 325950 25 23

1619624857.7977 325960 24 23

1619624857.8078 325970 24 24

1619624857.8168 325980 24 23

1619624857.8271 325990 24 23

1619624857.8374 326000 25 23

1619624857.8476 326010 24 23

1619624857.8578 326020 24 24

1619624857.8669 326030 25 23

1619624857.8771 326040 24 24

1619624857.8874 326050 25 24

1619624857.8976 326060 24 23

1619624857.9079 326070 25 25

1619624857.9168 326080 25 24

1619624857.9274 326090 25 24

1619624857.9374 326100 25 24

1619624857.9476 326110 25 24

1619624857.9578 326120 26 25

1619624857.9668 326130 25 25

1619624857.9770 326140 26 25

1619624857.9872 326150 26 25

1619624857.9975 326160 25 25

1619624858.0078 326170 26 26

1619624858.0167 326180 26 26

1619624858.0271 326190 27 26

1619624858.0375 326200 26 26

1619624858.0479 326210 26 26

1619624858.0577 326220 26 26

1619624858.0672 326230 26 25

1619624858.0771 326240 26 26

1619624858.0862 326250 27 25

1619624858.0977 326260 26 26

1619624858.1068 326270 26 25

1619624858.1169 326280 26 26

1619624858.1273 326290 26 25

1619624858.1363 326300 26 26

1619624858.1477 326310 27 27

1619624858.1567 326320 26 26

1619624858.1669 326330 27 27

1619624858.1773 326340 27 27

1619624858.1863 326350 27 27

1619624858.1976 326360 27 28

1619624858.2067 326370 28 27

1619624858.2169 326380 27 28

1619624858.2272 326390 28 28

1619624858.2362 326400 28 29

1619624858.2477 326410 29 28

1619624858.2567 326420 28 29

1619624858.2669 326430 28 28

1619624858.2771 326440 29 29

1619624858.2862 326450 28 28

1619624858.2977 326460 28 28

1619624858.3066 326470 29 29

1619624858.3168 326480 28 29

1619624858.3271 326490 29 29

1619624858.3362 326500 29 29

1619624858.3476 326510 29 30

1619624858.3566 326520 29 29

1619624858.3669 326530 29 29

1619624858.3770 326540 29 30

1619624858.3863 326550 30 30

1619624858.3975 326560 29 29

1619624858.4066 326570 30 29

1619624858.4167 326580 29 30

1619624858.4270 326590 30 29

1619624858.4363 326600 29 29

1619624858.4475 326610 30 29

1619624858.4565 326620 29 29

1619624858.4668 326630 30 29

1619624858.4770 326640 29 29

1619624858.4862 326650 29 29

1619624858.4975 326660 30 29

1619624858.5065 326670 29 28

1619624858.5167 326680 29 29

1619624858.5270 326690 29 28

1619624858.5362 326700 30 29

1619624858.5475 326710 29 28

1619624858.5564 326720 29 29

1619624858.5667 326730 30 29

1619624858.5769 326740 29 28

1619624858.5862 326750 29 30

1619624858.5974 326760 30 29

1619624858.6065 326770 29 29

1619624858.6167 326780 28 29

1619624858.6269 326790 29 29

1619624858.6362 326800 29 30

1619624858.6474 326810 28 29

1619624858.6564 326820 29 29

1619624858.6666 326830 28 30

1619624858.6768 326840 29 29

1619624858.6862 326850 29 29

1619624858.6973 326860 28 30

1619624858.7064 326870 29 29

1619624858.7167 326880 29 29

1619624858.7269 326890 29 29

1619624858.7362 326900 28 29

1619624858.7473 326910 29 30

1619624858.7564 326920 29 29

1619624858.7666 326930 30 29

1619624858.7768 326940 29 29

1619624858.7862 326950 30 30

1619624858.7973 326960 30 29

1619624858.8063 326970 30 29

1619624858.8165 326980 30 30

1619624858.8268 326990 30 29

1619624858.8362 327000 30 30

1619624858.8473 327010 31 29

1619624858.8563 327020 30 29

1619624858.8666 327030 30 30

1619624858.8767 327040 31 30

1619624858.8862 327050 30 30

1619624858.8972 327060 31 30

1619624858.9062 327070 31 30

1619624858.9164 327080 30 31

1619624858.9267 327090 31 31

1619624858.9363 327100 31 31

1619624858.9472 327110 31 31

1619624858.9562 327120 31 31

1619624858.9665 327130 32 31

1619624858.9767 327140 31 32

1619624858.9862 327150 32 31

1619624858.9971 327160 32 32

1619624859.0061 327170 32 31

1619624859.0164 327180 32 32

1619624859.0266 327190 32 31

1619624859.0362 327200 33 32

1619624859.0471 327210 33 31

1619624859.0561 327220 32 32

1619624859.0664 327230 33 32

1619624859.0766 327240 33 32

1619624859.0862 327250 32 32

1619624859.0971 327260 33 32

1619624859.1061 327270 32 32

1619624859.1163 327280 33 32

1619624859.1266 327290 32 32

1619624859.1362 327300 33 32

1619624859.1470 327310 32 32

1619624859.1560 327320 33 33

1619624859.1663 327330 32 32

1619624859.1766 327340 32 32

1619624859.1865 327350 33 33

1619624859.1970 327360 32 32

1619624859.2060 327370 31 32

1619624859.2163 327380 32 32

1619624859.2266 327390 32 32

1619624859.2362 327400 32 32

1619624859.2470 327410 31 32

1619624859.2560 327420 32 32

1619624859.2663 327430 32 32

1619624859.2765 327440 32 32

1619624859.2863 327450 32 31

1619624859.2970 327460 32 32

1619624859.3060 327470 32 31

1619624859.3162 327480 32 32

1619624859.3265 327490 32 31

1619624859.3362 327500 32 32

1619624859.3470 327510 32 31

1619624859.3560 327520 32 31

1619624859.3661 327530 32 31

1619624859.3764 327540 32 31

1619624859.3863 327550 31 31

1619624859.3969 327560 31 31

1619624859.4059 327570 32 31

1619624859.4161 327580 31 31

1619624859.4264 327590 31 31

1619624859.4368 327600 31 31

1619624859.4467 327610 31 31

1619624859.4562 327620 31 31

1619624859.4665 327630 31 31

1619624859.4769 327640 31 30

1619624859.4869 327650 31 31

1619624859.4957 327660 31 31

1619624859.5065 327670 31 30

1619624859.5163 327680 31 31

1619624859.5266 327690 31 32

1619624859.5356 327700 31 31

1619624859.5459 327710 31 31

1619624859.5561 327720 31 31

1619624859.5663 327730 31 32

1619624859.5765 327740 31 31

1619624859.5855 327750 31 31

1619624859.5957 327760 31 31

1619624859.6060 327770 31 32

1619624859.6162 327780 31 31

1619624859.6266 327790 31 31

1619624859.6355 327800 31 31

1619624859.6458 327810 31 31

1619624859.6560 327820 31 32

1619624859.6663 327830 30 31

1619624859.6765 327840 31 32

1619624859.6855 327850 32 32

1619624859.6957 327860 31 32

1619624859.7059 327870 31 32

1619624859.7162 327880 31 32

1619624859.7265 327890 32 32

1619624859.7354 327900 32 33

1619624859.7457 327910 32 32

1619624859.7559 327920 32 32

1619624859.7663 327930 33 33

1619624859.7764 327940 32 32

1619624859.7854 327950 33 33

1619624859.7957 327960 32 33

1619624859.8059 327970 33 33

1619624859.8162 327980 32 32

1619624859.8265 327990 33 33

1619624859.8354 328000 33 33

1619624859.8456 328010 33 34

1619624859.8559 328020 33 33

1619624859.8661 328030 33 33

1619624859.8763 328040 33 33

1619624859.8854 328050 33 33

1619624859.8956 328060 33 33

1619624859.9059 328070 33 33

1619624859.9161 328080 34 33

1619624859.9264 328090 33 32

1619624859.9354 328100 33 33

1619624859.9456 328110 34 33

1619624859.9559 328120 33 33

1619624859.9660 328130 34 33

1619624859.9763 328140 34 34

1619624859.9854 328150 33 32

1619624859.9955 328160 34 33

1619624860.0058 328170 34 33

1619624860.0160 328180 34 33

1619624860.0263 328190 33 33

1619624860.0353 328200 34 33

1619624860.0455 328210 34 33

1619624860.0558 328220 34 32

1619624860.0660 328230 33 33

1619624860.0763 328240 34 33

1619624860.0853 328250 34 32

1619624860.0956 328260 33 33

1619624860.1058 328270 34 32

1619624860.1160 328280 33 33

1619624860.1263 328290 33 33

1619624860.1352 328300 33 33

1619624860.1454 328310 33 32

1619624860.1557 328320 32 33

1619624860.1660 328330 33 33

1619624860.1763 328340 32 32

1619624860.1852 328350 33 33

1619624860.1955 328360 32 32

1619624860.2057 328370 33 33

1619624860.2159 328380 32 33

1619624860.2262 328390 32 32

1619624860.2352 328400 33 33

1619624860.2455 328410 32 33

1619624860.2556 328420 33 34

1619624860.2659 328430 32 33

1619624860.2761 328440 33 34

1619624860.2862 328450 33 33

1619624860.2956 328460 33 34

1619624860.3057 328470 33 33

1619624860.3152 328480 33 34

1619624860.3263 328490 34 33

1619624860.3352 328500 33 32

1619624860.3455 328510 33 33

1619624860.3558 328520 33 33

1619624860.3653 328530 34 32

1619624860.3762 328540 32 33

1619624860.3852 328550 33 32

1619624860.3954 328560 33 32

1619624860.4057 328570 33 32

1619624860.4153 328580 33 31

1619624860.4262 328590 32 32

1619624860.4352 328600 33 31

1619624860.4454 328610 33 32

1619624860.4557 328620 33 31

1619624860.4652 328630 33 32

1619624860.4762 328640 32 31

1619624860.4852 328650 33 32

1619624860.4954 328660 32 32

1619624860.5057 328670 32 32

1619624860.5153 328680 32 32

1619624860.5262 328690 33 32

1619624860.5352 328700 32 32

1619624860.5454 328710 32 33

1619624860.5557 328720 33 32

1619624860.5653 328730 32 33

1619624860.5761 328740 32 34

1619624860.5851 328750 32 33

1619624860.5954 328760 33 34

1619624860.6056 328770 32 34

1619624860.6155 328780 33 34

1619624860.6261 328790 32 34

1619624860.6351 328800 33 34

1619624860.6454 328810 33 35

1619624860.6556 328820 33 34

1619624860.6652 328830 33 35

1619624860.6761 328840 33 35

1619624860.6851 328850 33 35

1619624860.6953 328860 33 35

1619624860.7056 328870 33 36

1619624860.7152 328880 34 35

1619624860.7260 328890 33 35

1619624860.7350 328900 33 36

1619624860.7453 328910 34 35

1619624860.7555 328920 33 35

1619624860.7652 328930 34 35

1619624860.7760 328940 34 36

1619624860.7850 328950 33 35

1619624860.7953 328960 35 36

1619624860.8055 328970 34 36

1619624860.8153 328980 34 37

1619624860.8260 328990 35 37

1619624860.8350 329000 34 36

1619624860.8453 329010 35 38

1619624860.8555 329020 35 37

1619624860.8653 329030 35 37

1619624860.8759 329040 35 37

1619624860.8849 329050 35 37

1619624860.8953 329060 35 37

1619624860.9054 329070 36 38

1619624860.9154 329080 35 37

1619624860.9259 329090 36 38

1619624860.9350 329100 36 38

1619624860.9452 329110 36 38

1619624860.9555 329120 36 39

1619624860.9652 329130 37 38

1619624860.9759 329140 36 38

1619624860.9849 329150 37 38

1619624860.9952 329160 36 39

1619624861.0054 329170 36 38

1619624861.0152 329180 37 37

1619624861.0259 329190 36 38

1619624861.0349 329200 36 38

1619624861.0452 329210 37 37

1619624861.0554 329220 36 38

1619624861.0652 329230 37 38

1619624861.0762 329240 37 38

1619624861.0849 329250 37 38

1619624861.0952 329260 36 37

1619624861.1054 329270 37 38

1619624861.1152 329280 37 37

1619624861.1259 329290 36 37

1619624861.1349 329300 37 36

1619624861.1452 329310 37 37

1619624861.1554 329320 37 36

1619624861.1652 329330 36 35

1619624861.1759 329340 37 35

1619624861.1858 329350 37 36

1619624861.1953 329360 37 35

1619624861.2051 329370 36 35

1619624861.2147 329380 36 34

1619624861.2251 329390 36 35

1619624861.2350 329400 36 34

1619624861.2452 329410 35 34

1619624861.2543 329420 34 33

1619624861.2657 329430 34 33

1619624861.2748 329440 33 33

1619624861.2849 329450 32 32

1619624861.2952 329460 32 32

1619624861.3042 329470 31 32

1619624861.3157 329480 31 31

1619624861.3247 329490 30 31

1619624861.3350 329500 29 31

1619624861.3452 329510 29 30

1619624861.3543 329520 29 30

1619624861.3657 329530 29 30

1619624861.3747 329540 28 29

1619624861.3849 329550 28 28

1619624861.3953 329560 27 28

1619624861.4042 329570 28 28

1619624861.4156 329580 27 27

1619624861.4246 329590 27 27

1619624861.4349 329600 26 26

1619624861.4451 329610 27 27

1619624861.4543 329620 27 26

1619624861.4656 329630 26 25

1619624861.4746 329640 26 26

1619624861.4848 329650 26 26

1619624861.4951 329660 26 26

1619624861.5042 329670 26 25

1619624861.5155 329680 25 25

1619624861.5245 329690 25 26

1619624861.5349 329700 25 24

1619624861.5451 329710 25 25

1619624861.5543 329720 25 25

1619624861.5656 329730 24 24

1619624861.5746 329740 24 25

1619624861.5848 329750 24 25

1619624861.5951 329760 24 24

1619624861.6042 329770 24 25

1619624861.6155 329780 24 24

1619624861.6245 329790 24 25

1619624861.6348 329800 24 24

1619624861.6450 329810 24 24

1619624861.6542 329820 24 25

1619624861.6655 329830 24 23

1619624861.6745 329840 24 24

1619624861.6847 329850 24 24

1619624861.6950 329860 23 23

1619624861.7042 329870 24 23

1619624861.7154 329880 23 23

1619624861.7245 329890 23 23

1619624861.7348 329900 23 23

1619624861.7450 329910 22 23

1619624861.7542 329920 22 23

1619624861.7654 329930 23 23

1619624861.7745 329940 21 22

1619624861.7846 329950 22 23

1619624861.7949 329960 22 23

1619624861.8042 329970 21 22

1619624861.8154 329980 22 23

1619624861.8244 329990 21 23

1619624861.8347 330000 22 23

1619624861.8449 330010 21 22

1619624861.8543 330020 21 23

1619624861.8654 330030 22 23

1619624861.8744 330040 21 23

1619624861.8846 330050 22 22

1619624861.8949 330060 21 22

1619624861.9042 330070 22 22

1619624861.9154 330080 21 22

1619624861.9243 330090 22 22

1619624861.9346 330100 21 22

1619624861.9448 330110 22 22

1619624861.9543 330120 21 22

1619624861.9653 330130 22 23

1619624861.9744 330140 21 23

1619624861.9845 330150 22 23

1619624861.9949 330160 22 23

1619624862.0041 330170 21 23

1619624862.0153 330180 22 24

1619624862.0243 330190 22 23

1619624862.0346 330200 22 23

1619624862.0448 330210 22 24

1619624862.0543 330220 23 23

1619624862.0653 330230 23 23

1619624862.0743 330240 23 23

1619624862.0845 330250 23 23

1619624862.0948 330260 24 23

1619624862.1042 330270 23 23

1619624862.1152 330280 24 23

1619624862.1242 330290 24 24

1619624862.1345 330300 25 24

1619624862.1447 330310 24 24

1619624862.1543 330320 25 25

1619624862.1652 330330 25 25

1619624862.1743 330340 25 25

1619624862.1846 330350 26 26

1619624862.1948 330360 25 25

1619624862.2042 330370 25 26

1619624862.2152 330380 26 27

1619624862.2242 330390 25 26

1619624862.2345 330400 26 27

1619624862.2447 330410 26 26

1619624862.2544 330420 25 27

1619624862.2652 330430 26 26

1619624862.2742 330440 25 27

1619624862.2844 330450 26 26

1619624862.2947 330460 25 27

1619624862.3042 330470 26 27

1619624862.3152 330480 25 26

1619624862.3242 330490 25 27

1619624862.3345 330500 26 27

1619624862.3446 330510 26 27

1619624862.3543 330520 26 27

1619624862.3651 330530 26 27

1619624862.3741 330540 26 27

1619624862.3843 330550 26 28

1619624862.3946 330560 28 27

1619624862.4042 330570 27 27

1619624862.4151 330580 27 28

1619624862.4241 330590 28 28

1619624862.4344 330600 27 27

1619624862.4445 330610 28 28

1619624862.4543 330620 29 28

1619624862.4650 330630 28 28

1619624862.4740 330640 28 27

1619624862.4842 330650 29 28

1619624862.4946 330660 28 28

1619624862.5042 330670 29 29

1619624862.5150 330680 29 28

1619624862.5240 330690 29 28

1619624862.5343 330700 29 29

1619624862.5444 330710 30 28

1619624862.5543 330720 29 29

1619624862.5649 330730 30 29

1619624862.5739 330740 29 28

1619624862.5842 330750 30 29

1619624862.5945 330760 30 29

1619624862.6042 330770 30 29

1619624862.6149 330780 30 29

1619624862.6239 330790 30 30

1619624862.6342 330800 30 29

1619624862.6444 330810 31 30

1619624862.6542 330820 30 29

1619624862.6648 330830 30 29

1619624862.6739 330840 30 30

1619624862.6842 330850 30 29

1619624862.6941 330860 30 29

1619624862.7037 330870 30 30

1619624862.7141 330880 29 30

1619624862.7245 330890 30 30

1619624862.7344 330900 30 30

1619624862.7446 330910 30 30

1619624862.7539 330920 30 31

1619624862.7638 330930 31 30

1619624862.7740 330940 31 31

1619624862.7842 330950 30 31

1619624862.7945 330960 32 31

1619624862.8035 330970 31 31

1619624862.8137 330980 32 32

1619624862.8240 330990 32 31

1619624862.8343 331000 31 32

1619624862.8445 331010 31 32

1619624862.8535 331020 31 32

1619624862.8637 331030 31 32

1619624862.8739 331040 31 33

1619624862.8842 331050 30 32

1619624862.8945 331060 30 33

1619624862.9034 331070 31 33

1619624862.9137 331080 30 33

1619624862.9239 331090 30 32

1619624862.9341 331100 31 33

1619624862.9444 331110 31 32

1619624862.9534 331120 31 32

1619624862.9637 331130 31 32

1619624862.9739 331140 31 33

1619624862.9842 331150 31 32

1619624862.9945 331160 31 32

1619624863.0033 331170 31 32

1619624863.0136 331180 32 32

1619624863.0238 331190 31 32

1619624863.0341 331200 31 32

1619624863.0443 331210 32 31

1619624863.0533 331220 32 32

1619624863.0636 331230 32 31

1619624863.0738 331240 32 32

1619624863.0841 331250 33 31

1619624863.0944 331260 33 31

1619624863.1033 331270 34 31

1619624863.1136 331280 34 30

1619624863.1237 331290 34 31

1619624863.1340 331300 34 31

1619624863.1443 331310 34 30

1619624863.1533 331320 34 31

1619624863.1635 331330 34 30

1619624863.1738 331340 34 31

1619624863.1842 331350 34 31

1619624863.1943 331360 33 31

1619624863.2033 331370 34 32

1619624863.2135 331380 33 31

1619624863.2238 331390 33 33

1619624863.2339 331400 34 32

1619624863.2442 331410 33 33

1619624863.2538 331420 33 32

1619624863.2634 331430 33 33

1619624863.2737 331440 33 33

1619624863.2839 331450 34 33

1619624863.2942 331460 33 34

1619624863.3032 331470 33 33

1619624863.3134 331480 33 34

1619624863.3237 331490 33 33

1619624863.3339 331500 34 34

1619624863.3441 331510 33 33

1619624863.3531 331520 33 34

1619624863.3634 331530 33 33

1619624863.3736 331540 34 34

1619624863.3839 331550 33 33

1619624863.3941 331560 34 33

1619624863.4031 331570 34 34

1619624863.4133 331580 34 33

1619624863.4236 331590 34 33

1619624863.4348 331600 34 33

1619624863.4442 331610 33 33

1619624863.4532 331620 34 34

1619624863.4634 331630 33 33

1619624863.4736 331640 34 33

1619624863.4832 331650 34 33

1619624863.4941 331660 33 33

1619624863.5032 331670 34 33

1619624863.5134 331680 34 33

1619624863.5236 331690 33 33

1619624863.5331 331700 34 33

1619624863.5442 331710 33 32

1619624863.5532 331720 34 33

1619624863.5633 331730 33 33

1619624863.5736 331740 33 32

1619624863.5832 331750 32 33

1619624863.5941 331760 33 32

1619624863.6031 331770 33 32

1619624863.6133 331780 32 32

1619624863.6236 331790 32 33

1619624863.6331 331800 32 31

1619624863.6441 331810 32 31

1619624863.6531 331820 32 31

1619624863.6633 331830 31 31

1619624863.6736 331840 32 31

1619624863.6832 331850 32 30

1619624863.6940 331860 32 31

1619624863.7030 331870 32 30

1619624863.7132 331880 32 31

1619624863.7235 331890 32 30

1619624863.7331 331900 31 31

1619624863.7440 331910 32 31

1619624863.7530 331920 31 31

1619624863.7633 331930 32 30

1619624863.7735 331940 31 31

1619624863.7832 331950 30 31

1619624863.7940 331960 32 30

1619624863.8030 331970 30 31

1619624863.8132 331980 31 30

1619624863.8234 331990 30 30

1619624863.8332 332000 31 30

1619624863.8440 332010 30 29

1619624863.8529 332020 31 31

1619624863.8632 332030 30 30

1619624863.8734 332040 31 30

1619624863.8832 332050 30 31

1619624863.8939 332060 31 31

1619624863.9029 332070 31 31

1619624863.9131 332080 32 32

1619624863.9234 332090 31 32

1619624863.9331 332100 32 32

1619624863.9439 332110 32 31

1619624863.9529 332120 31 32

1619624863.9631 332130 32 31

1619624863.9735 332140 32 30

1619624863.9838 332150 32 30

1619624863.9937 332160 32 29

1619624864.0027 332170 31 30

1619624864.0135 332180 31 29

1619624864.0238 332190 31 29

1619624864.0337 332200 31 30

1619624864.0428 332210 30 29

1619624864.0528 332220 30 30

1619624864.0632 332230 30 30

1619624864.0721 332240 29 30

1619624864.0836 332250 29 30

1619624864.0926 332260 30 30

1619624864.1029 332270 29 30

1619624864.1131 332280 30 29

1619624864.1221 332290 29 30

1619624864.1336 332300 31 29

1619624864.1426 332310 30 28

1619624864.1528 332320 30 28

1619624864.1631 332330 31 28

1619624864.1721 332340 30 28

1619624864.1835 332350 31 27

1619624864.1926 332360 30 27

1619624864.2028 332370 30 27

1619624864.2130 332380 29 28

1619624864.2230 332390 30 27

1619624864.2324 332400 29 28

1619624864.2426 332410 30 28

1619624864.2528 332420 29 28

1619624864.2631 332430 30 29

1619624864.2733 332440 29 29

1619624864.2824 332450 30 29

1619624864.2926 332460 29 29

1619624864.3029 332470 29 30

1619624864.3131 332480 28 29

1619624864.3233 332490 29 28

1619624864.3323 332500 28 28

1619624864.3425 332510 28 28

1619624864.3528 332520 27 28

1619624864.3630 332530 28 28

1619624864.3732 332540 27 27

1619624864.3823 332550 27 29

1619624864.3925 332560 26 28

1619624864.4028 332570 27 29

1619624864.4130 332580 27 29

1619624864.4232 332590 27 29

1619624864.4323 332600 27 29

1619624864.4425 332610 28 29

1619624864.4527 332620 27 29

1619624864.4630 332630 27 28

1619624864.4732 332640 27 28

1619624864.4822 332650 27 28

1619624864.4924 332660 27 27

1619624864.5028 332670 26 27

1619624864.5130 332680 27 27

1619624864.5232 332690 26 27

1619624864.5322 332700 26 26

1619624864.5425 332710 26 27

1619624864.5526 332720 26 26

1619624864.5629 332730 26 26

1619624864.5731 332740 26 27

1619624864.5821 332750 26 26

1619624864.5923 332760 25 26

1619624864.6027 332770 26 26

1619624864.6128 332780 25 26

1619624864.6231 332790 26 26

1619624864.6321 332800 26 26

1619624864.6424 332810 25 26

1619624864.6525 332820 25 26

1619624864.6628 332830 26 25

1619624864.6730 332840 25 25

1619624864.6820 332850 25 25

1619624864.6923 332860 26 25

1619624864.7026 332870 25 25

1619624864.7128 332880 25 25

1619624864.7230 332890 26 24

1619624864.7320 332900 25 24

1619624864.7423 332910 25 24

1619624864.7525 332920 25 24

1619624864.7628 332930 24 24

1619624864.7730 332940 25 24

1619624864.7819 332950 24 23

1619624864.7922 332960 24 24

1619624864.8025 332970 23 23

1619624864.8127 332980 24 24

1619624864.8229 332990 23 23

1619624864.8319 333000 24 24

1619624864.8422 333010 23 23

1619624864.8525 333020 23 24

1619624864.8627 333030 23 23

1619624864.8729 333040 24 24

1619624864.8819 333050 23 23

1619624864.8922 333060 23 24

1619624864.9024 333070 24 24

1619624864.9126 333080 23 24

1619624864.9229 333090 24 23

1619624864.9319 333100 23 24

1619624864.9421 333110 24 24

1619624864.9524 333120 23 24

1619624864.9626 333130 24 24

1619624864.9729 333140 23 24

1619624864.9819 333150 24 23

1619624864.9920 333160 24 24

1619624865.0023 333170 24 24

1619624865.0129 333180 24 24

1619624865.0228 333190 24 24

1619624865.0318 333200 25 25

1619624865.0420 333210 24 24

1619624865.0523 333220 25 25

1619624865.0626 333230 25 25

1619624865.0728 333240 24 25

1619624865.0818 333250 25 25

1619624865.0920 333260 25 26

1619624865.1024 333270 26 25

1619624865.1125 333280 25 26

1619624865.1227 333290 26 26

1619624865.1317 333300 26 26

1619624865.1420 333310 25 26

1619624865.1522 333320 26 26

1619624865.1625 333330 25 26

1619624865.1728 333340 26 26

1619624865.1818 333350 26 26

1619624865.1921 333360 27 26

1619624865.2025 333370 26 26

1619624865.2129 333380 26 26

1619624865.2227 333390 27 27

1619624865.2317 333400 27 26

1619624865.2419 333410 27 27

1619624865.2522 333420 27 26

1619624865.2612 333430 27 27

1619624865.2727 333440 27 27

1619624865.2817 333450 28 27

1619624865.2919 333460 27 28

1619624865.3021 333470 27 27

1619624865.3112 333480 27 27

1619624865.3226 333490 27 28

1619624865.3316 333500 27 27

1619624865.3418 333510 27 28

1619624865.3521 333520 27 28

1619624865.3612 333530 26 27

1619624865.3726 333540 27 28

1619624865.3815 333550 27 28

1619624865.3918 333560 27 27

1619624865.4020 333570 27 28

1619624865.4112 333580 27 28

1619624865.4226 333590 27 27

1619624865.4315 333600 27 27

1619624865.4418 333610 27 28

1619624865.4521 333620 27 27

1619624865.4612 333630 27 27

1619624865.4725 333640 26 28

1619624865.4814 333650 27 27

1619624865.4917 333660 27 27

1619624865.5020 333670 27 27

1619624865.5112 333680 27 28

1619624865.5225 333690 27 27

1619624865.5314 333700 27 28

1619624865.5417 333710 27 28

1619624865.5520 333720 27 27

1619624865.5612 333730 27 28

1619624865.5724 333740 27 28

1619624865.5814 333750 26 27

1619624865.5916 333760 28 28

1619624865.6018 333770 27 28

1619624865.6112 333780 27 27

1619624865.6224 333790 27 28

1619624865.6314 333800 27 27

1619624865.6416 333810 27 28

1619624865.6519 333820 28 28

1619624865.6612 333830 27 28

1619624865.6724 333840 27 28

1619624865.6813 333850 28 28

1619624865.6915 333860 27 28

1619624865.7018 333870 28 28

1619624865.7112 333880 28 28

1619624865.7223 333890 28 29

1619624865.7313 333900 28 28

1619624865.7415 333910 29 29

1619624865.7518 333920 28 28

1619624865.7612 333930 29 29

1619624865.7723 333940 29 29

1619624865.7813 333950 28 28

1619624865.7915 333960 29 30

1619624865.8020 333970 30 29

1619624865.8112 333980 29 29

1619624865.8222 333990 30 30

1619624865.8312 334000 29 30

1619624865.8415 334010 30 30

1619624865.8517 334020 29 30

1619624865.8612 334030 30 30

1619624865.8722 334040 30 30

1619624865.8811 334050 30 31

1619624865.8914 334060 30 30

1619624865.9016 334070 30 31

1619624865.9112 334080 30 30

1619624865.9221 334090 31 31

1619624865.9311 334100 30 31

1619624865.9414 334110 31 31

1619624865.9517 334120 31 31

1619624865.9612 334130 31 31

1619624865.9721 334140 30 31

1619624865.9811 334150 32 32

1619624865.9913 334160 31 32

1619624866.0015 334170 32 32

1619624866.0112 334180 31 32

1619624866.0221 334190 32 33

1619624866.0311 334200 32 32

1619624866.0413 334210 32 33

1619624866.0516 334220 33 32

1619624866.0612 334230 33 33

1619624866.0721 334240 33 33

1619624866.0810 334250 33 33

1619624866.0912 334260 34 33

1619624866.1015 334270 34 33

1619624866.1112 334280 33 33

1619624866.1220 334290 35 33

1619624866.1310 334300 34 34

1619624866.1412 334310 35 34

1619624866.1515 334320 34 34

1619624866.1611 334330 35 34

1619624866.1719 334340 35 34

1619624866.1810 334350 35 34

1619624866.1912 334360 35 35

1619624866.2014 334370 36 34

1619624866.2114 334380 35 35

1619624866.2219 334390 36 35

1619624866.2309 334400 36 35

1619624866.2411 334410 36 35

1619624866.2514 334420 36 35

1619624866.2612 334430 37 36

1619624866.2720 334440 36 36

1619624866.2809 334450 37 35

1619624866.2911 334460 37 36

1619624866.3013 334470 37 36

1619624866.3112 334480 37 36

1619624866.3218 334490 37 37

1619624866.3308 334500 37 35

1619624866.3412 334510 38 36

1619624866.3511 334520 38 37

1619624866.3607 334530 37 36

1619624866.3711 334540 38 36

1619624866.3809 334550 38 37

1619624866.3912 334560 38 36

1619624866.4001 334570 38 36

1619624866.4117 334580 38 37

1619624866.4208 334590 37 37

1619624866.4309 334600 38 36

1619624866.4411 334610 37 37

1619624866.4503 334620 38 37

1619624866.4616 334630 37 36

1619624866.4707 334640 37 36

1619624866.4808 334650 37 36

1619624866.4911 334660 37 35

1619624866.5001 334670 37 35

1619624866.5116 334680 36 36

1619624866.5205 334690 37 35

1619624866.5308 334700 36 35

1619624866.5410 334710 36 36

1619624866.5502 334720 35 35

1619624866.5615 334730 35 35

1619624866.5706 334740 35 35

1619624866.5807 334750 34 35

1619624866.5911 334760 34 34

1619624866.6001 334770 34 34

1619624866.6114 334780 34 34

1619624866.6204 334790 33 33

1619624866.6307 334800 34 33

1619624866.6409 334810 32 32

1619624866.6502 334820 33 32

1619624866.6614 334830 33 32

1619624866.6705 334840 32 32

1619624866.6807 334850 32 32

1619624866.6910 334860 32 31

1619624866.7001 334870 32 32

1619624866.7114 334880 31 30

1619624866.7204 334890 31 31

1619624866.7307 334900 30 31

1619624866.7408 334910 31 30

1619624866.7502 334920 30 30

1619624866.7614 334930 30 29

1619624866.7704 334940 30 29

1619624866.7805 334950 30 29

1619624866.7908 334960 29 29

1619624866.8001 334970 29 28

1619624866.8113 334980 30 29

1619624866.8203 334990 29 28

1619624866.8306 335000 28 28

1619624866.8408 335010 29 28

1619624866.8502 335020 29 27

1619624866.8613 335030 28 27

1619624866.8703 335040 28 27

1619624866.8805 335050 28 27

1619624866.8908 335060 27 26

1619624866.9001 335070 27 26

1619624866.9112 335080 27 26

1619624866.9202 335090 26 26

1619624866.9305 335100 27 25

1619624866.9407 335110 26 26

1619624866.9503 335120 25 25

1619624866.9612 335130 26 26

1619624866.9701 335140 26 25

1619624866.9804 335150 25 25

1619624866.9907 335160 26 25

1619624867.0001 335170 25 25

1619624867.0111 335180 25 25

1619624867.0201 335190 25 25

1619624867.0304 335200 25 25

1619624867.0406 335210 24 25

1619624867.0504 335220 25 24

1619624867.0611 335230 25 26

1619624867.0701 335240 24 24

1619624867.0803 335250 25 25

1619624867.0906 335260 24 25

1619624867.1001 335270 25 25

1619624867.1111 335280 24 25

1619624867.1201 335290 25 24

1619624867.1304 335300 24 25

1619624867.1405 335310 24 24

1619624867.1502 335320 24 24

1619624867.1610 335330 24 25

1619624867.1700 335340 24 24

1619624867.1802 335350 23 23

1619624867.1907 335360 24 24

1619624867.2003 335370 23 24

1619624867.2110 335380 24 23

1619624867.2201 335390 23 24

1619624867.2303 335400 24 24

1619624867.2404 335410 24 23

1619624867.2504 335420 24 23

1619624867.2609 335430 24 23

1619624867.2699 335440 24 22

1619624867.2802 335450 24 22

1619624867.2905 335460 24 21

1619624867.3001 335470 23 21

1619624867.3109 335480 23 21

1619624867.3199 335490 23 21

1619624867.3301 335500 22 21

1619624867.3404 335510 22 20

1619624867.3501 335520 22 21

1619624867.3608 335530 22 21

1619624867.3700 335540 21 21

1619624867.3802 335550 21 20

1619624867.3900 335560 21 21

1619624867.3997 335570 21 20

1619624867.4101 335580 20 20

1619624867.4205 335590 20 19

1619624867.4304 335600 20 20

1619624867.4406 335610 20 19

1619624867.4495 335620 19 19

1619624867.4599 335630 19 19

1619624867.4701 335640 19 19

1619624867.4802 335650 18 19

1619624867.4906 335660 18 19

1619624867.4995 335670 18 19

1619624867.5097 335680 19 18

1619624867.5200 335690 18 19

1619624867.5302 335700 19 18

1619624867.5405 335710 19 19

1619624867.5494 335720 20 18

1619624867.5597 335730 19 18

1619624867.5699 335740 20 18

1619624867.5801 335750 20 17

1619624867.5904 335760 19 17

1619624867.5994 335770 19 17

1619624867.6096 335780 18 17

1619624867.6199 335790 19 17

1619624867.6300 335800 18 16

1619624867.6403 335810 18 17

1619624867.6493 335820 17 16

1619624867.6597 335830 18 16

1619624867.6698 335840 18 17

1619624867.6800 335850 17 17

1619624867.6903 335860 18 16

1619624867.6993 335870 18 17

1619624867.7095 335880 18 18

1619624867.7197 335890 18 18

1619624867.7300 335900 17 17

1619624867.7402 335910 18 19

1619624867.7492 335920 18 18

1619624867.7596 335930 18 18

1619624867.7697 335940 17 18

1619624867.7800 335950 18 18

1619624867.7903 335960 17 18

1619624867.7991 335970 17 18

1619624867.8094 335980 18 17

1619624867.8196 335990 17 17

1619624867.8299 336000 18 16

1619624867.8401 336010 18 17

1619624867.8492 336020 18 16

1619624867.8594 336030 18 17

1619624867.8697 336040 18 16

1619624867.8798 336050 19 17

1619624867.8901 336060 18 17

1619624867.8991 336070 19 17

1619624867.9094 336080 18 18

1619624867.9196 336090 19 17

1619624867.9298 336100 19 19

1619624867.9401 336110 19 18

1619624867.9491 336120 19 19

1619624867.9593 336130 20 19

1619624867.9695 336140 19 19

1619624867.9798 336150 21 20

1619624867.9900 336160 20 20

1619624867.9990 336170 21 20

1619624868.0092 336180 21 20

1619624868.0195 336190 21 21

1619624868.0298 336200 22 21

1619624868.0400 336210 22 22

1619624868.0489 336220 23 21

1619624868.0592 336230 23 23

1619624868.0694 336240 24 23

1619624868.0797 336250 24 23

1619624868.0899 336260 24 23

1619624868.0989 336270 25 24

1619624868.1092 336280 26 25

1619624868.1194 336290 26 25

1619624868.1297 336300 26 24

1619624868.1399 336310 27 26

1619624868.1489 336320 28 26

1619624868.1594 336330 28 26

1619624868.1694 336340 28 26

1619624868.1796 336350 29 27

1619624868.1900 336360 30 27

1619624868.1990 336370 29 27

1619624868.2090 336380 30 28

1619624868.2193 336390 31 28

1619624868.2295 336400 31 28

1619624868.2398 336410 31 29

1619624868.2488 336420 32 29

1619624868.2591 336430 32 30

1619624868.2692 336440 32 29

1619624868.2795 336450 33 31

1619624868.2897 336460 32 30

1619624868.2987 336470 33 30

1619624868.3089 336480 33 30

1619624868.3193 336490 32 31

1619624868.3297 336500 33 31

1619624868.3395 336510 33 30

1619624868.3485 336520 33 31

1619624868.3589 336530 34 31

1619624868.3690 336540 33 32

1619624868.3793 336550 34 31

1619624868.3894 336560 34 32

1619624868.3985 336570 34 32

1619624868.4087 336580 33 32

1619624868.4190 336590 34 33

1619624868.4292 336600 33 32

1619624868.4394 336610 33 33

1619624868.4485 336620 33 32

1619624868.4588 336630 32 32

1619624868.4690 336640 32 33

1619624868.4791 336650 33 33

1619624868.4894 336660 32 33

1619624868.4984 336670 32 33

1619624868.5086 336680 33 33

1619624868.5189 336690 32 34

1619624868.5291 336700 33 33

1619624868.5394 336710 32 35

1619624868.5484 336720 32 34

1619624868.5587 336730 32 35

1619624868.5689 336740 32 35

1619624868.5790 336750 31 35

1619624868.5893 336760 31 36

1619624868.5983 336770 30 36

1619624868.6085 336780 30 36

1619624868.6188 336790 29 36

1619624868.6290 336800 29 37

1619624868.6393 336810 29 37

1619624868.6482 336820 29 36

1619624868.6585 336830 29 37

1619624868.6687 336840 28 37

1619624868.6790 336850 28 37

1619624868.6892 336860 29 36

1619624868.6983 336870 28 37

1619624868.7084 336880 29 36

1619624868.7187 336890 29 36

1619624868.7289 336900 28 35

1619624868.7391 336910 29 36

1619624868.7481 336920 28 35

1619624868.7584 336930 28 36

1619624868.7687 336940 28 35

1619624868.7789 336950 29 35

1619624868.7891 336960 28 35

1619624868.7980 336970 28 35

1619624868.8083 336980 28 35

1619624868.8186 336990 29 35

1619624868.8288 337000 29 34

1619624868.8391 337010 30 34

1619624868.8481 337020 30 34

1619624868.8584 337030 31 34

1619624868.8686 337040 30 34

1619624868.8787 337050 32 34

1619624868.8890 337060 31 34

1619624868.8980 337070 32 34

1619624868.9082 337080 32 33

1619624868.9185 337090 32 35

1619624868.9287 337100 33 33

1619624868.9390 337110 32 34

1619624868.9483 337120 34 34

1619624868.9582 337130 33 33

1619624868.9684 337140 33 33

1619624868.9787 337150 34 33

1619624868.9889 337160 34 33

1619624868.9979 337170 34 33

1619624869.0082 337180 34 34

1619624869.0185 337190 35 33

1619624869.0287 337200 35 34

1619624869.0389 337210 34 34

1619624869.0479 337220 35 34

1619624869.0581 337230 35 35

1619624869.0684 337240 35 36

1619624869.0786 337250 34 35

1619624869.0888 337260 34 36

1619624869.0978 337270 35 37

1619624869.1081 337280 34 36

1619624869.1184 337290 34 37

1619624869.1286 337300 34 38

1619624869.1388 337310 35 37

1619624869.1478 337320 35 38

1619624869.1581 337330 35 38

1619624869.1683 337340 36 37

1619624869.1785 337350 35 38

1619624869.1888 337360 36 38

1619624869.1978 337370 36 38

1619624869.2080 337380 36 39

1619624869.2182 337390 37 39

1619624869.2285 337400 36 39

1619624869.2387 337410 37 39

1619624869.2477 337420 36 39

1619624869.2581 337430 37 40

1619624869.2685 337440 37 39

1619624869.2788 337450 37 40

1619624869.2887 337460 37 39

1619624869.2977 337470 37 40

1619624869.3079 337480 37 40

1619624869.3182 337490 38 40

1619624869.3273 337500 37 40

1619624869.3387 337510 38 40

1619624869.3476 337520 38 40

1619624869.3579 337530 38 41

1619624869.3682 337540 38 40

1619624869.3772 337550 39 40

1619624869.3886 337560 38 41

1619624869.3976 337570 38 40

1619624869.4077 337580 38 39

1619624869.4180 337590 38 40

1619624869.4272 337600 38 39

1619624869.4386 337610 37 40

1619624869.4475 337620 37 39

1619624869.4578 337630 37 40

1619624869.4680 337640 37 40

1619624869.4771 337650 37 39

1619624869.4884 337660 36 40

1619624869.4974 337670 37 40

1619624869.5077 337680 36 39

1619624869.5179 337690 36 40

1619624869.5272 337700 37 40

1619624869.5385 337710 36 39

1619624869.5474 337720 36 39

1619624869.5577 337730 35 39

1619624869.5679 337740 36 40

1619624869.5772 337750 35 39

1619624869.5883 337760 35 39

1619624869.5973 337770 35 38

1619624869.6076 337780 34 39

1619624869.6178 337790 35 38

1619624869.6272 337800 34 37

1619624869.6384 337810 34 37

1619624869.6473 337820 33 37

1619624869.6575 337830 34 36

1619624869.6678 337840 34 36

1619624869.6772 337850 33 36

1619624869.6883 337860 33 35

1619624869.6973 337870 34 36

1619624869.7075 337880 33 34

1619624869.7178 337890 33 35

1619624869.7272 337900 33 35

1619624869.7387 337910 32 34

1619624869.7472 337920 33 34

1619624869.7574 337930 31 33

1619624869.7677 337940 31 33

1619624869.7771 337950 31 32

1619624869.7882 337960 31 33

1619624869.7972 337970 30 32

1619624869.8074 337980 29 31

1619624869.8177 337990 29 31

1619624869.8272 338000 29 32

1619624869.8381 338010 28 31

1619624869.8471 338020 29 30

1619624869.8574 338030 28 31

1619624869.8676 338040 28 30

1619624869.8771 338050 27 30

1619624869.8881 338060 28 30

1619624869.8971 338070 27 29

1619624869.9074 338080 27 28

1619624869.9176 338090 27 28

1619624869.9272 338100 27 28

1619624869.9380 338110 27 28

1619624869.9471 338120 26 27

1619624869.9573 338130 27 27

1619624869.9676 338140 26 28

1619624869.9771 338150 27 27

1619624869.9880 338160 26 27

1619624869.9970 338170 26 28

1619624870.0072 338180 27 28

1619624870.0175 338190 26 28

1619624870.0272 338200 26 27

1619624870.0380 338210 27 28

1619624870.0470 338220 26 27

1619624870.0572 338230 26 28

1619624870.0675 338240 27 27

1619624870.0771 338250 26 27

1619624870.0880 338260 27 27

1619624870.0969 338270 26 28

1619624870.1071 338280 27 27

1619624870.1174 338290 27 27

1619624870.1273 338300 28 28

1619624870.1379 338310 28 28

1619624870.1469 338320 28 27

1619624870.1572 338330 28 28

1619624870.1674 338340 28 28

1619624870.1771 338350 29 28

1619624870.1878 338360 28 27

1619624870.1969 338370 28 28

1619624870.2069 338380 28 28

1619624870.2173 338390 28 27

1619624870.2277 338400 28 28

1619624870.2375 338410 28 28

1619624870.2471 338420 28 28

1619624870.2574 338430 28 27

1619624870.2678 338440 30 29

1619624870.2777 338450 29 28

1619624870.2867 338460 29 28

1619624870.2969 338470 29 28

1619624870.3073 338480 30 28

1619624870.3162 338490 30 29

1619624870.3276 338500 29 28

1619624870.3366 338510 30 30

1619624870.3469 338520 29 29

1619624870.3571 338530 30 31

1619624870.3661 338540 29 30

1619624870.3776 338550 30 31

1619624870.3866 338560 30 31

1619624870.3968 338570 30 32

1619624870.4071 338580 30 31

1619624870.4161 338590 30 31

1619624870.4276 338600 30 31

1619624870.4366 338610 30 31

1619624870.4468 338620 30 30

1619624870.4571 338630 30 29

1619624870.4661 338640 30 30

1619624870.4775 338650 31 29

1619624870.4865 338660 31 29

1619624870.4967 338670 30 29

1619624870.5070 338680 31 29

1619624870.5168 338690 32 30

1619624870.5264 338700 31 29

1619624870.5366 338710 31 30

1619624870.5469 338720 31 29

1619624870.5570 338730 32 30

1619624870.5673 338740 31 30

1619624870.5763 338750 32 31

1619624870.5866 338760 32 30

1619624870.5968 338770 32 30

1619624870.6070 338780 32 30

1619624870.6173 338790 32 31

1619624870.6263 338800 32 30

1619624870.6365 338810 32 30

1619624870.6468 338820 32 29

1619624870.6570 338830 31 30

1619624870.6672 338840 32 29

1619624870.6762 338850 32 29

1619624870.6865 338860 32 29

1619624870.6967 338870 32 29

1619624870.7070 338880 32 28

1619624870.7172 338890 32 28

1619624870.7262 338900 32 28

1619624870.7365 338910 31 28

1619624870.7467 338920 32 27

1619624870.7569 338930 32 27

1619624870.7671 338940 32 27

1619624870.7761 338950 32 26

1619624870.7864 338960 32 26

1619624870.7966 338970 32 26

1619624870.8069 338980 32 26

1619624870.8171 338990 31 25

1619624870.8261 339000 31 25

1619624870.8364 339010 31 24

1619624870.8467 339020 31 25

1619624870.8568 339030 30 24

1619624870.8671 339040 29 24

1619624870.8761 339050 29 24

1619624870.8863 339060 29 23

1619624870.8966 339070 28 24

1619624870.9068 339080 28 24

1619624870.9170 339090 28 23

1619624870.9261 339100 27 24

1619624870.9363 339110 27 23

1619624870.9466 339120 26 22

1619624870.9568 339130 27 23

1619624870.9670 339140 26 22

1619624870.9760 339150 26 23

1619624870.9863 339160 27 22

1619624870.9965 339170 26 22

1619624871.0067 339180 26 21

1619624871.0170 339190 26 22

1619624871.0260 339200 26 21

1619624871.0362 339210 26 21

1619624871.0465 339220 26 22

1619624871.0567 339230 26 21

1619624871.0669 339240 25 22

1619624871.0759 339250 26 22

1619624871.0862 339260 25 22

1619624871.0965 339270 26 22

1619624871.1066 339280 25 23

1619624871.1170 339290 26 22

1619624871.1260 339300 25 22

1619624871.1359 339310 26 23

1619624871.1464 339320 26 22

1619624871.1566 339330 26 23

1619624871.1668 339340 26 22

1619624871.1758 339350 25 22

1619624871.1861 339360 27 23

1619624871.1964 339370 25 22

1619624871.2068 339380 26 23

1619624871.2168 339390 26 23

1619624871.2260 339400 27 23

1619624871.2360 339410 25 23

1619624871.2463 339420 26 23

1619624871.2565 339430 26 23

1619624871.2668 339440 26 24

1619624871.2758 339450 26 23

1619624871.2860 339460 27 24

1619624871.2963 339470 26 24

1619624871.3068 339480 27 24

1619624871.3167 339490 27 24

1619624871.3258 339500 27 24

1619624871.3359 339510 27 25

1619624871.3462 339520 27 24

1619624871.3564 339530 27 25

1619624871.3668 339540 28 25

1619624871.3766 339550 27 25

1619624871.3862 339560 27 25

1619624871.3960 339570 28 25

1619624871.4057 339580 27 25

1619624871.4161 339590 28 25

1619624871.4260 339600 27 26

1619624871.4362 339610 28 25

1619624871.4451 339620 27 26

1619624871.4567 339630 27 25

1619624871.4656 339640 28 26

1619624871.4759 339650 27 26

1619624871.4860 339660 27 27

1619624871.4952 339670 27 26

1619624871.5066 339680 27 27

1619624871.5156 339690 27 27

1619624871.5258 339700 27 27

1619624871.5361 339710 27 26

1619624871.5451 339720 28 28

1619624871.5565 339730 27 26

1619624871.5655 339740 27 27

1619624871.5757 339750 28 27

1619624871.5860 339760 28 27

1619624871.5952 339770 28 28

1619624871.6065 339780 27 26

1619624871.6154 339790 28 28

1619624871.6256 339800 28 27

1619624871.6359 339810 28 28

1619624871.6451 339820 29 28

1619624871.6564 339830 28 27

1619624871.6654 339840 28 29

1619624871.6757 339850 29 28

1619624871.6858 339860 29 28

1619624871.6952 339870 29 29

1619624871.7064 339880 29 29

1619624871.7153 339890 30 29

1619624871.7256 339900 29 28

1619624871.7358 339910 30 30

1619624871.7451 339920 31 29

1619624871.7563 339930 30 30

1619624871.7653 339940 32 29

1619624871.7755 339950 31 30

1619624871.7857 339960 31 30

1619624871.7952 339970 32 31

1619624871.8063 339980 32 30

1619624871.8153 339990 33 31

1619624871.8255 340000 32 30

1619624871.8357 340010 33 32

1619624871.8451 340020 33 31

1619624871.8562 340030 33 31

1619624871.8652 340040 34 31

1619624871.8754 340050 33 32

1619624871.8857 340060 34 32

1619624871.8952 340070 33 32

1619624871.9062 340080 34 32

1619624871.9152 340090 35 32

1619624871.9254 340100 34 33

1619624871.9357 340110 34 33

1619624871.9451 340120 35 33

1619624871.9561 340130 35 34

1619624871.9651 340140 35 34

1619624871.9754 340150 35 34

1619624871.9856 340160 35 34

1619624871.9951 340170 36 35

1619624872.0060 340180 36 35

1619624872.0150 340190 35 35

1619624872.0253 340200 36 34

1619624872.0355 340210 37 36

1619624872.0451 340220 37 35

1619624872.0560 340230 36 36

1619624872.0650 340240 38 37

1619624872.0752 340250 38 37

1619624872.0854 340260 39 38

1619624872.0951 340270 39 38

1619624872.1059 340280 39 38

1619624872.1149 340290 40 38

1619624872.1252 340300 41 39

1619624872.1354 340310 40 38

1619624872.1452 340320 41 38

1619624872.1559 340330 40 37

1619624872.1649 340340 41 37

1619624872.1751 340350 40 37

1619624872.1854 340360 40 37

1619624872.1952 340370 40 36

1619624872.2059 340380 40 36

1619624872.2148 340390 39 36

1619624872.2250 340400 38 36

1619624872.2353 340410 38 36

1619624872.2457 340420 37 35

1619624872.2555 340430 36 35

1619624872.2651 340440 36 35

1619624872.2755 340450 36 34

1619624872.2858 340460 34 34

1619624872.2956 340470 34 35

1619624872.3046 340480 34 34

1619624872.3150 340490 33 34

1619624872.3251 340500 32 35

1619624872.3341 340510 33 35

1619624872.3456 340520 31 34

1619624872.3546 340530 32 35

1619624872.3648 340540 30 35

1619624872.3751 340550 30 35

1619624872.3841 340560 29 35

1619624872.3955 340570 29 34

1619624872.4045 340580 28 34

1619624872.4148 340590 28 34

1619624872.4250 340600 27 33

1619624872.4341 340610 26 32

1619624872.4455 340620 26 33

1619624872.4545 340630 26 31

1619624872.4647 340640 25 31

1619624872.4750 340650 25 30

1619624872.4841 340660 24 30

1619624872.4954 340670 24 29

1619624872.5044 340680 23 29

1619624872.5147 340690 22 28

1619624872.5249 340700 22 27

1619624872.5341 340710 22 27

1619624872.5454 340720 21 25

1619624872.5544 340730 20 24

1619624872.5646 340740 20 23

1619624872.5749 340750 19 22

1619624872.5841 340760 18 22

1619624872.5953 340770 18 21

1619624872.6043 340780 18 21

1619624872.6146 340790 18 21

1619624872.6248 340800 19 20

1619624872.6341 340810 18 21

1619624872.6453 340820 18 20

1619624872.6543 340830 18 21

1619624872.6645 340840 18 20

1619624872.6748 340850 18 20

1619624872.6841 340860 18 20

1619624872.6952 340870 18 20

1619624872.7042 340880 18 19

1619624872.7146 340890 19 20

1619624872.7247 340900 19 19

1619624872.7341 340910 19 20

1619624872.7452 340920 20 20

1619624872.7542 340930 19 20

1619624872.7645 340940 20 20

1619624872.7747 340950 20 20

1619624872.7841 340960 19 21

1619624872.7952 340970 20 20

1619624872.8042 340980 19 20

1619624872.8145 340990 20 19

1619624872.8247 341000 20 20

1619624872.8341 341010 19 19

1619624872.8451 341020 20 20

1619624872.8541 341030 20 20

1619624872.8644 341040 20 20

1619624872.8747 341050 19 22

1619624872.8841 341060 20 21

1619624872.8951 341070 20 23

1619624872.9041 341080 20 22

1619624872.9144 341090 21 23

1619624872.9246 341100 21 23

1619624872.9341 341110 21 24

1619624872.9452 341120 22 23

1619624872.9540 341130 22 24

1619624872.9643 341140 22 24

1619624872.9746 341150 23 25

1619624872.9841 341160 24 24

1619624872.9950 341170 24 25

1619624873.0040 341180 24 25

1619624873.0143 341190 24 26

1619624873.0244 341200 25 26

1619624873.0341 341210 25 27

1619624873.0450 341220 25 26

1619624873.0539 341230 26 27

1619624873.0642 341240 25 27

1619624873.0745 341250 26 28

1619624873.0842 341260 27 28

1619624873.0949 341270 26 27

1619624873.1039 341280 28 29

1619624873.1141 341290 27 28

1619624873.1244 341300 28 29

1619624873.1341 341310 28 29

1619624873.1449 341320 28 30

1619624873.1539 341330 29 30

1619624873.1641 341340 29 30

1619624873.1744 341350 30 30

1619624873.1841 341360 29 31

1619624873.1949 341370 30 30

1619624873.2039 341380 30 31

1619624873.2141 341390 32 31

1619624873.2244 341400 31 31

1619624873.2341 341410 33 32

1619624873.2448 341420 33 32

1619624873.2538 341430 33 32

1619624873.2642 341440 33 33

1619624873.2744 341450 35 34

1619624873.2848 341460 34 34

1619624873.2947 341470 35 34

1619624873.3036 341480 35 35

1619624873.3138 341490 36 35

1619624873.3241 341500 36 36

1619624873.3331 341510 37 36

1619624873.3446 341520 36 35

1619624873.3536 341530 37 36

1619624873.3638 341540 38 36

1619624873.3741 341550 37 36

1619624873.3831 341560 38 36

1619624873.3946 341570 37 36

1619624873.4035 341580 38 36

1619624873.4138 341590 38 36

1619624873.4241 341600 38 37

1619624873.4331 341610 38 37

1619624873.4445 341620 37 37

1619624873.4535 341630 37 37

1619624873.4637 341640 37 38

1619624873.4740 341650 37 37

1619624873.4832 341660 36 38

1619624873.4945 341670 37 38

1619624873.5035 341680 37 37

1619624873.5137 341690 37 38

1619624873.5240 341700 36 38

1619624873.5331 341710 37 38

1619624873.5444 341720 36 38

1619624873.5534 341730 36 38

1619624873.5637 341740 36 37

1619624873.5739 341750 36 38

1619624873.5831 341760 36 38

1619624873.5944 341770 36 37

1619624873.6034 341780 36 38

1619624873.6136 341790 35 37

1619624873.6239 341800 36 37

1619624873.6331 341810 35 37

1619624873.6443 341820 36 37

1619624873.6533 341830 36 38

1619624873.6644 341840 35 37

1619624873.6739 341850 36 36

1619624873.6842 341860 36 37

1619624873.6932 341870 35 37

1619624873.7034 341880 36 36

1619624873.7137 341890 35 36

1619624873.7239 341900 36 36

1619624873.7342 341910 35 36

1619624873.7432 341920 36 35

1619624873.7534 341930 35 36

1619624873.7636 341940 36 35

1619624873.7739 341950 35 35

1619624873.7841 341960 35 35

1619624873.7931 341970 35 35

1619624873.8034 341980 34 35

1619624873.8136 341990 34 35

1619624873.8239 342000 34 34

1619624873.8341 342010 34 35

1619624873.8431 342020 34 35

1619624873.8533 342030 33 35

1619624873.8635 342040 33 35

1619624873.8738 342050 33 34

1619624873.8840 342060 33 35

1619624873.8930 342070 33 34

1619624873.9033 342080 32 34

1619624873.9135 342090 33 34

1619624873.9238 342100 32 34

1619624873.9340 342110 32 34

1619624873.9430 342120 32 33

1619624873.9534 342130 31 33

1619624873.9635 342140 32 33

1619624873.9737 342150 31 32

1619624873.9840 342160 31 33

1619624873.9930 342170 30 31

1619624874.0032 342180 31 32

1619624874.0134 342190 30 31

1619624874.0237 342200 31 31

1619624874.0340 342210 30 30

1619624874.0429 342220 30 31

1619624874.0533 342230 31 29

1619624874.0635 342240 29 30

1619624874.0737 342250 30 29

1619624874.0839 342260 30 29

1619624874.0929 342270 29 29

1619624874.1032 342280 29 28

1619624874.1134 342290 29 29

1619624874.1236 342300 29 29

1619624874.1339 342310 29 28

1619624874.1429 342320 29 29

1619624874.1532 342330 29 29

1619624874.1634 342340 28 28

1619624874.1737 342350 29 28

1619624874.1839 342360 28 29

1619624874.1928 342370 29 28

1619624874.2033 342380 28 28

1619624874.2134 342390 28 28

1619624874.2236 342400 29 28

1619624874.2338 342410 28 28

1619624874.2428 342420 28 29

1619624874.2531 342430 29 28

1619624874.2634 342440 28 28

1619624874.2736 342450 28 28

1619624874.2837 342460 28 28

1619624874.2928 342470 28 28

1619624874.3030 342480 28 28

1619624874.3132 342490 29 29

1619624874.3235 342500 28 29

1619624874.3337 342510 28 28

1619624874.3427 342520 29 28

1619624874.3530 342530 29 28

1619624874.3633 342540 28 28

1619624874.3735 342550 29 28

1619624874.3837 342560 29 28

1619624874.3927 342570 29 28

1619624874.4029 342580 29 28

1619624874.4132 342590 29 28

1619624874.4234 342600 29 28

1619624874.4338 342610 29 28

1619624874.4428 342620 29 28

1619624874.4533 342630 29 28

1619624874.4634 342640 29 28

1619624874.4733 342650 29 28

1619624874.4835 342660 28 28

1619624874.4925 342670 29 28

1619624874.5028 342680 28 28

1619624874.5130 342690 29 27

1619624874.5232 342700 28 28

1619624874.5334 342710 29 27

1619624874.5425 342720 28 28

1619624874.5527 342730 29 28

1619624874.5630 342740 28 27

1619624874.5732 342750 28 27

1619624874.5834 342760 29 28

1619624874.5924 342770 28 27

1619624874.6027 342780 29 27

1619624874.6129 342790 28 28

1619624874.6232 342800 29 27

1619624874.6333 342810 28 28

1619624874.6424 342820 28 27

1619624874.6526 342830 28 28

1619624874.6629 342840 28 28

1619624874.6731 342850 28 27

1619624874.6834 342860 29 28

1619624874.6923 342870 28 27

1619624874.7026 342880 28 28

1619624874.7128 342890 28 27

1619624874.7230 342900 28 27

1619624874.7333 342910 29 27

1619624874.7423 342920 28 27

1619624874.7525 342930 29 27

1619624874.7628 342940 28 27

1619624874.7731 342950 29 27

1619624874.7833 342960 28 27

1619624874.7923 342970 28 27

1619624874.8025 342980 29 28

1619624874.8127 342990 28 27

1619624874.8229 343000 29 27

1619624874.8332 343010 29 28

1619624874.8422 343020 29 27

1619624874.8524 343030 28 27

1619624874.8628 343040 29 28

1619624874.8729 343050 29 27

1619624874.8832 343060 29 27

1619624874.8921 343070 29 28

1619624874.9024 343080 29 27

1619624874.9126 343090 29 27

1619624874.9229 343100 28 27

1619624874.9331 343110 29 28

1619624874.9421 343120 29 27

1619624874.9524 343130 28 27

1619624874.9626 343140 29 28

1619624874.9728 343150 28 28

1619624874.9830 343160 28 28

1619624874.9920 343170 29 28

1619624875.0023 343180 28 28

1619624875.0125 343190 28 29

1619624875.0228 343200 29 28

1619624875.0330 343210 28 29

1619624875.0420 343220 29 29

1619624875.0523 343230 29 29

1619624875.0626 343240 28 29

1619624875.0727 343250 29 30

1619624875.0830 343260 29 29

1619624875.0920 343270 29 30

1619624875.1023 343280 30 30

1619624875.1125 343290 29 30

1619624875.1228 343300 30 29

1619624875.1330 343310 30 30

1619624875.1419 343320 30 30

1619624875.1521 343330 30 30

1619624875.1625 343340 31 30

1619624875.1726 343350 31 30

1619624875.1829 343360 31 30

1619624875.1919 343370 32 31

1619624875.2023 343380 32 30

1619624875.2124 343390 32 31

1619624875.2226 343400 33 31

1619624875.2329 343410 33 31

1619624875.2421 343420 34 32

1619624875.2520 343430 33 31

1619624875.2624 343440 34 32

1619624875.2726 343450 35 32

1619624875.2828 343460 34 32

1619624875.2918 343470 35 33

1619624875.3021 343480 34 32

1619624875.3123 343490 35 33

1619624875.3226 343500 34 34

1619624875.3327 343510 35 33

1619624875.3417 343520 34 35

1619624875.3520 343530 35 33

1619624875.3623 343540 34 35

1619624875.3725 343550 34 34

1619624875.3827 343560 34 34

1619624875.3917 343570 34 34

1619624875.4020 343580 34 34

1619624875.4121 343590 34 33

1619624875.4224 343600 34 34

1619624875.4327 343610 34 33

1619624875.4417 343620 34 34

1619624875.4520 343630 33 34

1619624875.4625 343640 34 33

1619624875.4728 343650 34 34

1619624875.4827 343660 34 34

1619624875.4921 343670 34 34

1619624875.5020 343680 34 33

1619624875.5122 343690 34 33

1619624875.5225 343700 35 33

1619624875.5315 343710 34 34

1619624875.5416 343720 35 32

1619624875.5519 343730 35 33

1619624875.5622 343740 34 32

1619624875.5724 343750 34 32

1619624875.5814 343760 35 31

1619624875.5916 343770 33 31

1619624875.6019 343780 34 31

1619624875.6121 343790 34 31

1619624875.6225 343800 33 30

1619624875.6313 343810 34 31

1619624875.6416 343820 33 30

1619624875.6518 343830 33 31

1619624875.6621 343840 32 30

1619624875.6723 343850 33 30

1619624875.6813 343860 33 31

1619624875.6915 343870 32 31

1619624875.7018 343880 32 31

1619624875.7120 343890 32 31

1619624875.7223 343900 32 31

1619624875.7312 343910 31 30

1619624875.7415 343920 31 31

1619624875.7517 343930 31 30

1619624875.7620 343940 31 30

1619624875.7722 343950 30 30

1619624875.7812 343960 31 30

1619624875.7914 343970 30 29

1619624875.8017 343980 31 29

1619624875.8119 343990 30 29

1619624875.8222 344000 31 29

1619624875.8312 344010 31 29

1619624875.8414 344020 30 29

1619624875.8516 344030 31 29

1619624875.8619 344040 30 29

1619624875.8721 344050 30 30

1619624875.8811 344060 30 29

1619624875.8913 344070 29 29

1619624875.9016 344080 29 30

1619624875.9118 344090 29 29

1619624875.9220 344100 29 29

1619624875.9310 344110 28 29

1619624875.9413 344120 29 30

1619624875.9515 344130 28 29

1619624875.9618 344140 28 29

1619624875.9720 344150 28 30

1619624875.9810 344160 28 29

1619624875.9913 344170 28 29

1619624876.0015 344180 28 29

1619624876.0117 344190 29 30

1619624876.0220 344200 28 29

1619624876.0313 344210 29 30

1619624876.0412 344220 28 29

1619624876.0515 344230 29 30

1619624876.0617 344240 28 30

1619624876.0719 344250 29 30

1619624876.0810 344260 28 30

1619624876.0911 344270 29 29

1619624876.1014 344280 28 30

1619624876.1116 344290 29 29

1619624876.1219 344300 28 29

1619624876.1309 344310 29 30

1619624876.1411 344320 29 29

1619624876.1514 344330 29 30

1619624876.1616 344340 29 29

1619624876.1719 344350 30 30

1619624876.1809 344360 29 29

1619624876.1910 344370 30 30

1619624876.2013 344380 29 30

1619624876.2116 344390 30 31

1619624876.2218 344400 29 30

1619624876.2308 344410 30 31

1619624876.2410 344420 30 31

1619624876.2513 344430 29 30

1619624876.2616 344440 29 31

1619624876.2718 344450 29 31

1619624876.2807 344460 29 31

1619624876.2910 344470 29 30

1619624876.3012 344480 29 31

1619624876.3115 344490 29 31

1619624876.3217 344500 29 32

1619624876.3307 344510 28 31

1619624876.3410 344520 28 32

1619624876.3512 344530 29 31

1619624876.3615 344540 29 32

1619624876.3717 344550 28 31

1619624876.3807 344560 29 32

1619624876.3909 344570 29 32

1619624876.4011 344580 29 32

1619624876.4114 344590 29 32

1619624876.4216 344600 29 32

1619624876.4316 344610 29 32

1619624876.4410 344620 29 33

1619624876.4514 344630 29 31

1619624876.4613 344640 29 33

1619624876.4715 344650 30 32

1619624876.4805 344660 29 32

1619624876.4908 344670 30 33

1619624876.5010 344680 30 32

1619624876.5113 344690 30 32

1619624876.5214 344700 30 33

1619624876.5304 344710 30 32

1619624876.5406 344720 30 32

1619624876.5509 344730 30 32

1619624876.5612 344740 30 33

1619624876.5714 344750 30 31

1619624876.5804 344760 30 32

1619624876.5907 344770 30 32

1619624876.6008 344780 30 32

1619624876.6111 344790 30 32

1619624876.6213 344800 31 32

1619624876.6304 344810 31 31

1619624876.6406 344820 30 32

1619624876.6509 344830 31 31

1619624876.6611 344840 31 32

1619624876.6713 344850 32 31

1619624876.6803 344860 31 32

1619624876.6905 344870 32 31

1619624876.7007 344880 32 31

1619624876.7110 344890 32 31

1619624876.7212 344900 33 30

1619624876.7303 344910 33 30

1619624876.7405 344920 32 30

1619624876.7508 344930 33 30

1619624876.7610 344940 33 30

1619624876.7713 344950 32 30

1619624876.7802 344960 33 30

1619624876.7906 344970 32 29

1619624876.8007 344980 33 30

1619624876.8110 344990 32 30

1619624876.8212 345000 33 29

1619624876.8302 345010 32 30

1619624876.8404 345020 32 29

1619624876.8508 345030 33 30

1619624876.8609 345040 32 30

1619624876.8712 345050 32 30

1619624876.8801 345060 33 30

1619624876.8904 345070 32 30

1619624876.9006 345080 32 30

1619624876.9109 345090 33 30

1619624876.9211 345100 32 30

1619624876.9301 345110 32 31

1619624876.9403 345120 32 30

1619624876.9506 345130 32 31

1619624876.9608 345140 33 31

1619624876.9710 345150 31 31

1619624876.9800 345160 32 31

1619624876.9903 345170 32 32

1619624877.0005 345180 31 31

1619624877.0108 345190 31 31

1619624877.0210 345200 31 32

1619624877.0300 345210 32 32

1619624877.0403 345220 30 31

1619624877.0505 345230 31 32

1619624877.0607 345240 31 31

1619624877.0710 345250 30 32

1619624877.0799 345260 31 32

1619624877.0902 345270 31 31

1619624877.1004 345280 30 32

1619624877.1107 345290 31 32

1619624877.1209 345300 31 31

1619624877.1299 345310 32 32

1619624877.1401 345320 31 31

1619624877.1504 345330 32 31

1619624877.1606 345340 31 32

1619624877.1709 345350 32 31

1619624877.1799 345360 31 31

1619624877.1899 345370 32 31

1619624877.2004 345380 31 30

1619624877.2108 345390 31 31

1619624877.2208 345400 32 31

1619624877.2298 345410 31 31

1619624877.2400 345420 31 31

1619624877.2503 345430 32 31

1619624877.2605 345440 31 31

1619624877.2708 345450 32 31

1619624877.2798 345460 32 31

1619624877.2900 345470 31 31

1619624877.3002 345480 32 31

1619624877.3105 345490 32 31

1619624877.3207 345500 31 32

1619624877.3297 345510 32 31

1619624877.3400 345520 31 31

1619624877.3503 345530 32 32

1619624877.3605 345540 31 31

1619624877.3707 345550 32 31

1619624877.3797 345560 32 31

1619624877.3899 345570 32 32

1619624877.4001 345580 32 31

1619624877.4104 345590 32 31

1619624877.4206 345600 32 32

1619624877.4305 345610 31 31

1619624877.4400 345620 33 31

1619624877.4504 345630 32 31

1619624877.4608 345640 32 31

1619624877.4707 345650 33 31

1619624877.4796 345660 33 31

1619624877.4898 345670 33 31

1619624877.5001 345680 33 30

1619624877.5090 345690 33 32

1619624877.5205 345700 33 31

1619624877.5295 345710 34 31

1619624877.5398 345720 33 31

1619624877.5500 345730 34 32

1619624877.5591 345740 33 31

1619624877.5706 345750 33 32

1619624877.5795 345760 34 32

1619624877.5897 345770 33 33

1619624877.6008 345780 34 32

1619624877.6104 345790 33 33

1619624877.6193 345800 34 33

1619624877.6295 345810 34 33

1619624877.6398 345820 33 32

1619624877.6501 345830 34 33

1619624877.6602 345840 34 33

1619624877.6692 345850 34 32

1619624877.6795 345860 34 33

1619624877.6897 345870 34 32

1619624877.7000 345880 34 32

1619624877.7103 345890 34 33

1619624877.7192 345900 34 32

1619624877.7295 345910 34 32

1619624877.7397 345920 34 32

1619624877.7499 345930 34 33

1619624877.7602 345940 33 32

1619624877.7692 345950 33 32

1619624877.7794 345960 34 32

1619624877.7897 345970 33 33

1619624877.8000 345980 33 32

1619624877.8101 345990 33 32

1619624877.8192 346000 33 32

1619624877.8294 346010 33 31

1619624877.8397 346020 32 32

1619624877.8498 346030 33 32

1619624877.8601 346040 32 31

1619624877.8691 346050 32 32

1619624877.8793 346060 32 31

1619624877.8896 346070 31 32

1619624877.8998 346080 31 31

1619624877.9101 346090 31 31

1619624877.9191 346100 31 31

1619624877.9292 346110 31 31

1619624877.9395 346120 30 30

1619624877.9498 346130 30 31

1619624877.9601 346140 30 31

1619624877.9690 346150 30 30

1619624877.9793 346160 30 31

1619624877.9896 346170 29 30

1619624877.9998 346180 29 31

1619624878.0099 346190 29 30

1619624878.0190 346200 29 30

1619624878.0292 346210 29 31

1619624878.0394 346220 28 30

1619624878.0497 346230 29 30

1619624878.0599 346240 28 31

1619624878.0690 346250 28 30

1619624878.0792 346260 28 30

1619624878.0895 346270 28 30

1619624878.0996 346280 27 30

1619624878.1099 346290 28 30

1619624878.1189 346300 27 30

1619624878.1291 346310 27 29

1619624878.1394 346320 28 30

1619624878.1496 346330 27 30

1619624878.1599 346340 27 29

1619624878.1689 346350 27 29

1619624878.1791 346360 27 29

1619624878.1894 346370 27 30

1619624878.1995 346380 27 29

1619624878.2099 346390 27 29

1619624878.2188 346400 27 29

1619624878.2291 346410 28 29

1619624878.2393 346420 27 29

1619624878.2495 346430 27 29

1619624878.2598 346440 28 28

1619624878.2688 346450 28 29

1619624878.2791 346460 28 28

1619624878.2892 346470 29 28

1619624878.2995 346480 28 28

1619624878.3097 346490 29 28

1619624878.3187 346500 29 28

1619624878.3290 346510 29 27

1619624878.3392 346520 29 28

1619624878.3495 346530 29 28

1619624878.3596 346540 29 27

1619624878.3687 346550 29 28

1619624878.3789 346560 29 27

1619624878.3895 346570 28 28

1619624878.3994 346580 29 27

1619624878.4096 346590 28 27

1619624878.4194 346600 28 28

1619624878.4290 346610 28 28

1619624878.4394 346620 29 27

1619624878.4492 346630 28 28

1619624878.4595 346640 28 28

1619624878.4685 346650 28 27

1619624878.4788 346660 28 28

1619624878.4890 346670 28 27

1619624878.4993 346680 28 27

1619624878.5094 346690 28 28

1619624878.5184 346700 28 27

1619624878.5286 346710 27 27

1619624878.5389 346720 28 27

1619624878.5491 346730 28 28

1619624878.5594 346740 28 27

1619624878.5684 346750 27 28

1619624878.5787 346760 27 27

1619624878.5888 346770 28 27

1619624878.5991 346780 27 28

1619624878.6093 346790 27 27

1619624878.6184 346800 27 27

1619624878.6286 346810 26 27

1619624878.6389 346820 27 26

1619624878.6491 346830 27 27

1619624878.6593 346840 26 26

1619624878.6683 346850 26 26

1619624878.6786 346860 26 26

1619624878.6887 346870 26 25

1619624878.6990 346880 25 25

1619624878.7092 346890 25 26

1619624878.7183 346900 26 25

1619624878.7285 346910 24 24

1619624878.7388 346920 25 25

1619624878.7490 346930 24 24

1619624878.7592 346940 24 24

1619624878.7682 346950 24 24

1619624878.7786 346960 23 23

1619624878.7887 346970 23 23

1619624878.7990 346980 23 23

1619624878.8092 346990 23 22

1619624878.8181 347000 22 23

1619624878.8284 347010 22 22

1619624878.8387 347020 22 21

1619624878.8489 347030 21 22

1619624878.8591 347040 22 21

1619624878.8682 347050 21 21

1619624878.8785 347060 20 20

1619624878.8887 347070 20 21

1619624878.8989 347080 20 19

1619624878.9091 347090 19 20

1619624878.9181 347100 19 19

1619624878.9283 347110 19 19

1619624878.9387 347120 17 18

1619624878.9488 347130 18 17

1619624878.9591 347140 17 18

1619624878.9681 347150 16 16

1619624878.9784 347160 16 16

1619624878.9886 347170 15 15

1619624878.9988 347180 14 15

1619624879.0090 347190 13 13

1619624879.0180 347200 12 12

1619624879.0282 347210 12 12

1619624879.0386 347220 12 12

1619624879.0487 347230 11 11

1619624879.0590 347240 10 11

1619624879.0680 347250 10 10

1619624879.0783 347260 10 10

1619624879.0884 347270 9 9

1619624879.0986 347280 9 9

1619624879.1088 347290 8 8

1619624879.1178 347300 8 8

1619624879.1280 347310 7 7

1619624879.1383 347320 7 7

1619624879.1485 347330 6 6

1619624879.1588 347340 6 6

1619624879.1678 347350 5 5

1619624879.1781 347360 5 5

1619624879.1883 347370 4 4

1619624879.1986 347380 4 3

1619624879.2089 347390 3 3

1619624879.2178 347400 2 3

1619624879.2280 347410 2 1

1619624879.2383 347420 1 1

1619624879.2484 347430 2 1

1619624879.2587 347440 2 0

1619624879.2677 347450 1 1

1619624879.2780 347460 0 0

1619624879.2882 347470 0 1

1619624879.2986 347480 -1 1

1619624879.3087 347490 0 0

1619624879.3177 347500 0 1

1619624879.3279 347510 0 0

1619624879.3381 347520 0 0

1619624879.3484 347530 0 0

1619624879.3586 347540 0 0

1619624879.3676 347550 0 0

1619624879.3779 347560 0 0

1619624879.3881 347570 0 0

1619624879.3984 347580 0 0

1619624879.4086 347590 0 0

1619624879.4176 347600 0 0

1619624879.4279 347610 0 0

1619624879.4381 347620 0 0

1619624879.4478 347630 0 0

1619624879.4580 347640 0 0

1619624879.4680 347650 0 0

1619624879.4783 347660 0 0

1619624879.4871 347670 0 0

1619624879.4972 347680 0 0

1619624879.5073 347690 0 0

1619624879.5174 347700 0 0

1619624879.5276 347710 0 0

1619624879.5377 347720 0 0

1619624879.5478 347730 0 0

1619624879.5579 347740 0 0

1619624879.5680 347750 0 0

1619624879.5783 347760 0 0

1619624879.5871 347770 0 0

1619624879.5972 347780 0 0

1619624879.6073 347790 0 0

1619624879.6174 347800 0 0

1619624879.6277 347810 0 0

1619624879.6379 347820 0 0

1619624879.6470 347830 0 0

1619624879.6585 347840 0 0

1619624879.6674 347850 0 0

1619624879.6777 347860 0 0

1619624879.6880 347870 0 0

1619624879.6969 347880 0 0

1619624879.7084 347890 0 0

1619624879.7174 347900 0 0

1619624879.7276 347910 0 0

1619624879.7378 347920 0 0

1619624879.7470 347930 0 0

1619624879.7584 347940 0 0

1619624879.7674 347950 0 0

1619624879.7777 347960 0 0

1619624879.7879 347970 0 0

1619624879.7969 347980 0 0

1619624879.8084 347990 0 0

1619624879.8174 348000 0 0

1619624879.8276 348010 0 0

1619624879.8379 348020 0 0

1619624879.8470 348030 0 0

1619624879.8583 348040 0 0

1619624879.8673 348050 0 0

1619624879.8776 348060 0 0

1619624879.8878 348070 0 0

1619624879.8970 348080 0 0

1619624879.9083 348090 0 0

1619624879.9173 348100 0 0

1619624879.9275 348110 0 0

1619624879.9378 348120 0 0

1619624879.9470 348130 0 0

1619624879.9584 348140 0 0

1619624879.9674 348150 0 0

1619624879.9775 348160 0 0

1619624879.9877 348170 0 0

1619624879.9969 348180 0 0

1619624880.0082 348190 0 0

1619624880.0172 348200 0 0

1619624880.0275 348210 0 0

1619624880.0377 348220 0 0

1619624880.0469 348230 0 0

1619624880.0581 348240 0 0

1619624880.0671 348250 0 0

1619624880.0774 348260 0 0

1619624880.0876 348270 0 0

1619624880.0969 348280 0 0

1619624880.1081 348290 0 0

1619624880.1171 348300 0 0

1619624880.1274 348310 0 0

1619624880.1376 348320 0 0

1619624880.1470 348330 0 0

1619624880.1581 348340 0 0

1619624880.1671 348350 0 0

1619624880.1773 348360 0 0

1619624880.1876 348370 0 0

1619624880.1969 348380 0 0

1619624880.2081 348390 0 0

1619624880.2171 348400 0 0

1619624880.2273 348410 0 0

1619624880.2375 348420 0 0

1619624880.2469 348430 0 0

1619624880.2580 348440 0 0

1619624880.2670 348450 0 0

1619624880.2773 348460 0 0

1619624880.2875 348470 0 0

1619624880.2969 348480 0 0

1619624880.3080 348490 0 0

1619624880.3170 348500 0 0

1619624880.3272 348510 0 0

1619624880.3375 348520 0 0

1619624880.3469 348530 0 0

1619624880.3580 348540 0 0

1619624880.3669 348550 0 0

1619624880.3772 348560 0 0

1619624880.3874 348570 0 0

1619624880.3969 348580 0 0

1619624880.4079 348590 0 0

1619624880.4169 348600 0 0

1619624880.4271 348610 0 0

1619624880.4374 348620 0 0

1619624880.4469 348630 0 0

1619624880.4579 348640 0 0

1619624880.4668 348650 0 0

1619624880.4771 348660 0 0

1619624880.4873 348670 0 0

1619624880.4969 348680 0 0

1619624880.5078 348690 0 0

1619624880.5168 348700 0 0

1619624880.5271 348710 0 0

1619624880.5373 348720 0 0

1619624880.5469 348730 0 0

1619624880.5579 348740 0 0

1619624880.5667 348750 0 0

1619624880.5770 348760 0 0

1619624880.5872 348770 0 0

1619624880.5969 348780 0 0

1619624880.6077 348790 0 0

1619624880.6167 348800 0 0

1619624880.6270 348810 0 0

1619624880.6372 348820 0 0

1619624880.6470 348830 0 0

1619624880.6577 348840 0 0

1619624880.6661 348850 0 0

1619624880.6763 348860 0 0

1619624880.6865 348870 0 0

1619624880.6965 348880 0 0

1619624880.7067 348890 0 0

1619624880.7168 348900 0 0

1619624880.7269 348910 0 0

1619624880.7370 348920 0 0

1619624880.7472 348930 0 0

1619624880.7560 348940 0 0

1619624880.7661 348950 0 0

1619624880.7763 348960 0 0

1619624880.7865 348970 0 0

1619624880.7965 348980 0 0

1619624880.8067 348990 0 0

1619624880.8168 349000 0 0

1619624880.8271 349010 0 0

1619624880.8373 349020 0 0

1619624880.8464 349030 0 0

1619624880.8565 349040 0 0

1619624880.8669 349050 0 0

1619624880.8771 349060 0 0

1619624880.8873 349070 0 0

1619624880.8964 349080 0 0

1619624880.9066 349090 0 0

1619624880.9167 349100 0 0

1619624880.9270 349110 0 0

1619624880.9372 349120 0 0

1619624880.9463 349130 0 0

1619624880.9565 349140 0 0

1619624880.9668 349150 0 0

1619624880.9770 349160 0 0

1619624880.9872 349170 0 0

1619624880.9962 349180 0 0

1619624881.0064 349190 0 0

1619624881.0166 349200 0 0

1619624881.0269 349210 0 0

1619624881.0371 349220 0 0

1619624881.0462 349230 0 0

1619624881.0566 349240 0 0

1619624881.0667 349250 0 0

1619624881.0769 349260 0 0

1619624881.0872 349270 0 0

1619624881.0961 349280 0 0

1619624881.1064 349290 0 0

1619624881.1166 349300 0 0

1619624881.1269 349310 0 0

1619624881.1371 349320 0 0

1619624881.1461 349330 0 0

1619624881.1563 349340 0 0

1619624881.1666 349350 0 0

1619624881.1768 349360 0 0

1619624881.1870 349370 0 0

1619624881.1960 349380 0 0

1619624881.2063 349390 0 0

1619624881.2165 349400 0 0

1619624881.2268 349410 0 0

1619624881.2370 349420 0 0

1619624881.2460 349430 0 0

1619624881.2563 349440 0 0

1619624881.2665 349450 0 0

1619624881.2767 349460 0 0

1619624881.2870 349470 0 0

1619624881.2959 349480 0 0

1619624881.3062 349490 0 0

1619624881.3164 349500 0 0

1619624881.3267 349510 0 0

1619624881.3369 349520 0 0

1619624881.3459 349530 0 0

1619624881.3561 349540 0 0

1619624881.3664 349550 0 0

1619624881.3766 349560 0 0

1619624881.3869 349570 0 0

1619624881.3959 349580 0 0

1619624881.4061 349590 0 0

1619624881.4163 349600 0 0

1619624881.4266 349610 0 0

1619624881.4369 349620 0 0

1619624881.4458 349630 0 0

1619624881.4560 349640 0 0

1619624881.4663 349650 0 0

1619624881.4765 349660 0 0

1619624881.4869 349670 0 0

1619624881.4957 349680 0 0

1619624881.6497 349690 0 0

