1619624892.0127 360150 0 0

1619624892.0134 360160 0 0

1619624892.0140 360170 0 0

1619624892.0145 360180 0 0

1619624892.0150 360190 0 0

1619624892.0156 360200 0 0

1619624892.0183 360210 0 0

1619624892.0289 360220 0 0

1619624892.0378 360230 0 0

1619624892.0481 360240 0 0

1619624892.0584 360250 0 0

1619624892.0686 360260 0 0

1619624892.0792 360270 0 0

1619624892.0876 360280 0 0

1619624892.0981 360290 0 0

1619624892.1083 360300 0 0

1619624892.1186 360310 0 0

1619624892.1288 360320 0 0

1619624892.1378 360330 0 0

1619624892.1480 360340 0 0

1619624892.1583 360350 0 0

1619624892.1685 360360 0 0

1619624892.1788 360370 0 0

1619624892.1878 360380 0 0

1619624892.1980 360390 0 0

1619624892.2083 360400 0 0

1619624892.2186 360410 0 0

1619624892.2288 360420 0 0

1619624892.2377 360430 0 0

1619624892.2480 360440 0 0

1619624892.2583 360450 0 0

1619624892.2685 360460 0 0

1619624892.2787 360470 0 0

1619624892.2877 360480 0 0

1619624892.2979 360490 0 0

1619624892.3082 360500 0 0

1619624892.3185 360510 0 0

1619624892.3287 360520 0 0

1619624892.3377 360530 0 0

1619624892.3479 360540 0 0

1619624892.3581 360550 0 0

1619624892.3684 360560 0 0

1619624892.3787 360570 0 0

1619624892.3876 360580 0 0

1619624892.3979 360590 0 0

1619624892.4082 360600 0 0

1619624892.4184 360610 0 0

1619624892.4286 360620 0 0

1619624892.4375 360630 0 0

1619624892.4478 360640 0 0

1619624892.4581 360650 0 0

1619624892.4683 360660 0 0

1619624892.4786 360670 0 0

1619624892.4876 360680 0 0

1619624892.4978 360690 0 0

1619624892.5081 360700 0 0

1619624892.5184 360710 0 0

1619624892.5285 360720 0 0

1619624892.5375 360730 0 0

1619624892.5472 360740 0 0

1619624892.5573 360750 0 0

1619624892.5675 360760 0 0

1619624892.5776 360770 0 0

1619624892.5877 360780 0 0

1619624892.5978 360790 0 0

1619624892.6080 360800 0 0

1619624892.6181 360810 0 0

1619624892.6270 360820 0 0

1619624892.6371 360830 0 0

1619624892.6472 360840 0 0

1619624892.6573 360850 0 0

1619624892.6675 360860 0 0

1619624892.6776 360870 0 0

1619624892.6877 360880 0 0

1619624892.6979 360890 0 0

1619624892.7080 360900 0 0

1619624892.7183 360910 0 0

1619624892.7272 360920 0 0

1619624892.7375 360930 0 0

1619624892.7478 360940 0 0

1619624892.7580 360950 0 0

1619624892.7683 360960 0 0

1619624892.7773 360970 0 0

1619624892.7875 360980 0 0

1619624892.7977 360990 0 0

1619624892.8081 361000 0 0

1619624892.8181 361010 0 0

1619624892.8271 361020 0 0

1619624892.8374 361030 0 0

1619624892.8476 361040 0 0

1619624892.8579 361050 0 0

1619624892.8682 361060 0 0

1619624892.8771 361070 0 0

1619624892.8874 361080 0 0

1619624892.8976 361090 0 0

1619624892.9079 361100 0 0

1619624892.9181 361110 0 0

1619624892.9271 361120 0 0

1619624892.9373 361130 0 0

1619624892.9476 361140 0 0

1619624892.9578 361150 0 0

1619624892.9682 361160 0 0

1619624892.9771 361170 0 0

1619624892.9873 361180 0 0

1619624892.9976 361190 0 0

1619624893.0077 361200 0 0

1619624893.0180 361210 0 0

1619624893.0270 361220 0 0

1619624893.0372 361230 0 0

1619624893.0475 361240 0 0

1619624893.0577 361250 0 0

1619624893.0680 361260 0 0

1619624893.0771 361270 0 0

1619624893.0873 361280 0 0

1619624893.0975 361290 0 0

1619624893.1078 361300 0 0

1619624893.1179 361310 0 0

1619624893.1269 361320 0 0

1619624893.1372 361330 0 0

1619624893.1474 361340 0 0

1619624893.1577 361350 0 1

1619624893.1679 361360 0 0

1619624893.1769 361370 0 0

1619624893.1872 361380 0 0

1619624893.1974 361390 0 1

1619624893.2077 361400 0 0

1619624893.2179 361410 0 0

1619624893.2269 361420 0 0

1619624893.2371 361430 0 0

1619624893.2474 361440 0 0

1619624893.2576 361450 0 0

1619624893.2678 361460 0 0

1619624893.2769 361470 0 0

1619624893.2871 361480 0 0

1619624893.2974 361490 0 0

1619624893.3076 361500 0 0

1619624893.3179 361510 0 0

1619624893.3268 361520 0 0

1619624893.3371 361530 0 0

1619624893.3473 361540 0 0

1619624893.3575 361550 0 0

1619624893.3678 361560 0 0

1619624893.3768 361570 0 0

1619624893.3870 361580 0 0

1619624893.3973 361590 0 0

1619624893.4075 361600 0 0

1619624893.4178 361610 0 0

1619624893.4268 361620 0 0

1619624893.4370 361630 0 0

1619624893.4472 361640 0 0

1619624893.4575 361650 0 0

1619624893.4677 361660 0 0

1619624893.4767 361670 0 0

1619624893.4870 361680 0 0

1619624893.4972 361690 0 0

1619624893.5075 361700 0 0

1619624893.5177 361710 0 0

1619624893.5267 361720 0 0

1619624893.5369 361730 0 0

1619624893.5472 361740 0 0

1619624893.5574 361750 0 0

1619624893.5676 361760 0 0

1619624893.5766 361770 0 0

1619624893.5869 361780 0 0

1619624893.5971 361790 0 0

1619624893.6074 361800 0 0

1619624893.6176 361810 0 0

1619624893.6266 361820 0 0

1619624893.6369 361830 0 0

1619624893.6471 361840 0 0

1619624893.6574 361850 0 0

1619624893.6675 361860 0 0

1619624893.6765 361870 0 0

1619624893.6868 361880 0 0

1619624893.6970 361890 0 0

1619624893.7073 361900 0 1

1619624893.7175 361910 0 0

1619624893.7265 361920 0 0

1619624893.7368 361930 0 0

1619624893.7470 361940 0 0

1619624893.7573 361950 0 0

1619624893.7670 361960 0 0

1619624893.7771 361970 0 0

1619624893.7860 361980 0 0

1619624893.7961 361990 0 0

1619624893.8075 362000 0 0

1619624893.8165 362010 0 0

1619624893.8266 362020 0 0

1619624893.8367 362030 0 0

1619624893.8469 362040 0 0

1619624893.8570 362050 0 0

1619624893.8671 362060 0 0

1619624893.8760 362070 0 0

1619624893.8861 362080 0 0

1619624893.8962 362090 0 0

1619624893.9064 362100 0 0

1619624893.9165 362110 0 0

1619624893.9266 362120 0 0

1619624893.9368 362130 0 0

1619624893.9458 362140 0 0

1619624893.9573 362150 0 0

1619624893.9664 362160 0 0

1619624893.9767 362170 0 0

1619624893.9869 362180 0 0

1619624893.9958 362190 0 0

1619624894.0074 362200 0 0

1619624894.0163 362210 0 0

1619624894.0266 362220 0 0

1619624894.0368 362230 0 0

1619624894.0458 362240 0 0

1619624894.0572 362250 0 1

1619624894.0663 362260 0 1

1619624894.0765 362270 0 3

1619624894.0868 362280 0 5

1619624894.0958 362290 0 4

1619624894.1073 362300 0 7

1619624894.1163 362310 0 6

1619624894.1266 362320 0 8

1619624894.1367 362330 1 9

1619624894.1459 362340 1 10

1619624894.1573 362350 2 10

1619624894.1664 362360 3 11

1619624894.1765 362370 4 12

1619624894.1869 362380 5 13

1619624894.1960 362390 7 14

1619624894.2073 362400 8 15

1619624894.2163 362410 9 15

1619624894.2266 362420 11 16

1619624894.2369 362430 12 16

1619624894.2460 362440 13 16

1619624894.2573 362450 15 16

1619624894.2665 362460 16 16

1619624894.2765 362470 17 17

1619624894.2868 362480 18 16

1619624894.2960 362490 19 17

1619624894.3073 362500 20 16

1619624894.3163 362510 22 17

1619624894.3266 362520 22 18

1619624894.3368 362530 23 17

1619624894.3460 362540 23 18

1619624894.3573 362550 23 19

1619624894.3663 362560 24 19

1619624894.3764 362570 24 20

1619624894.3868 362580 24 21

1619624894.3960 362590 25 21

1619624894.4072 362600 24 21

1619624894.4162 362610 25 23

1619624894.4265 362620 25 23

1619624894.4367 362630 25 23

1619624894.4460 362640 25 24

1619624894.4572 362650 25 25

1619624894.4662 362660 26 24

1619624894.4764 362670 25 25

1619624894.4867 362680 26 25

1619624894.4960 362690 26 26

1619624894.5071 362700 26 26

1619624894.5161 362710 26 25

1619624894.5264 362720 26 27

1619624894.5366 362730 26 26

1619624894.5459 362740 25 26

1619624894.5570 362750 26 26

1619624894.5660 362760 25 26

1619624894.5763 362770 26 26

1619624894.5866 362780 25 26

1619624894.5960 362790 25 25

1619624894.6070 362800 25 25

1619624894.6161 362810 25 25

1619624894.6263 362820 24 25

1619624894.6365 362830 25 24

1619624894.6468 362840 23 25

1619624894.6559 362850 24 24

1619624894.6662 362860 24 23

1619624894.6764 362870 23 24

1619624894.6867 362880 22 22

1619624894.6968 362890 22 23

1619624894.7058 362900 22 22

1619624894.7161 362910 21 22

1619624894.7264 362920 20 21

1619624894.7366 362930 21 21

1619624894.7468 362940 19 20

1619624894.7558 362950 20 19

1619624894.7661 362960 19 20

1619624894.7763 362970 19 19

1619624894.7866 362980 19 19

1619624894.7968 362990 18 18

1619624894.8058 363000 19 18

1619624894.8160 363010 18 17

1619624894.8263 363020 18 18

1619624894.8365 363030 17 17

1619624894.8468 363040 18 16

1619624894.8558 363050 17 17

1619624894.8659 363060 18 16

1619624894.8762 363070 17 16

1619624894.8865 363080 16 16

1619624894.8967 363090 17 15

1619624894.9057 363100 17 15

1619624894.9159 363110 17 16

1619624894.9262 363120 16 15

1619624894.9364 363130 17 15

1619624894.9467 363140 17 15

1619624894.9557 363150 17 16

1619624894.9660 363160 17 15

1619624894.9761 363170 18 15

1619624894.9864 363180 17 15

1619624894.9966 363190 17 15

1619624895.0056 363200 18 16

1619624895.0159 363210 18 15

1619624895.0261 363220 19 16

1619624895.0364 363230 18 16

1619624895.0466 363240 20 16

1619624895.0556 363250 18 16

1619624895.0659 363260 20 16

1619624895.0761 363270 19 16

1619624895.0864 363280 19 17

1619624895.0965 363290 20 17

1619624895.1056 363300 19 17

1619624895.1158 363310 19 18

1619624895.1260 363320 20 18

1619624895.1363 363330 19 18

1619624895.1465 363340 20 18

1619624895.1564 363350 20 19

1619624895.1659 363360 20 19

1619624895.1762 363370 20 19

1619624895.1866 363380 20 19

1619624895.1964 363390 20 19

1619624895.2059 363400 20 19

1619624895.2158 363410 21 19

1619624895.2260 363420 20 19

1619624895.2352 363430 20 19

1619624895.2465 363440 20 19

1619624895.2555 363450 21 19

1619624895.2659 363460 20 19

1619624895.2759 363470 21 19

1619624895.2850 363480 20 18

1619624895.2964 363490 20 19

1619624895.3056 363500 20 19

1619624895.3157 363510 20 18

1619624895.3259 363520 20 19

1619624895.3350 363530 20 19

1619624895.3465 363540 20 18

1619624895.3554 363550 19 19

1619624895.3657 363560 20 19

1619624895.3759 363570 20 18

1619624895.3852 363580 19 18

1619624895.3964 363590 19 18

1619624895.4053 363600 20 18

1619624895.4157 363610 19 18

1619624895.4258 363620 20 19

1619624895.4360 363630 19 18

1619624895.4452 363640 20 19

1619624895.4555 363650 19 18

1619624895.4658 363660 19 19

1619624895.4760 363670 19 19

1619624895.4863 363680 20 20

1619624895.4952 363690 19 20

1619624895.5055 363700 19 20

1619624895.5157 363710 19 20

1619624895.5259 363720 19 20

1619624895.5361 363730 20 21

1619624895.5451 363740 20 20

1619624895.5554 363750 19 21

1619624895.5656 363760 20 21

1619624895.5759 363770 21 21

1619624895.5861 363780 20 22

1619624895.5951 363790 21 22

1619624895.6053 363800 21 22

1619624895.6156 363810 21 22

1619624895.6259 363820 21 22

1619624895.6360 363830 22 23

1619624895.6450 363840 22 23

1619624895.6553 363850 23 23

1619624895.6655 363860 22 23

1619624895.6758 363870 23 24

1619624895.6861 363880 23 23

1619624895.6951 363890 23 24

1619624895.7053 363900 24 25

1619624895.7155 363910 24 24

1619624895.7258 363920 24 24

1619624895.7360 363930 25 25

1619624895.7450 363940 24 25

1619624895.7552 363950 25 25

1619624895.7655 363960 25 24

1619624895.7757 363970 25 25

1619624895.7860 363980 25 26

1619624895.7950 363990 25 25

1619624895.8054 364000 26 25

1619624895.8155 364010 26 25

1619624895.8258 364020 25 26

1619624895.8360 364030 26 25

1619624895.8449 364040 26 25

1619624895.8552 364050 27 26

1619624895.8654 364060 26 26

1619624895.8757 364070 27 25

1619624895.8859 364080 27 26

1619624895.8949 364090 27 26

1619624895.9052 364100 27 26

1619624895.9154 364110 27 25

1619624895.9256 364120 27 27

1619624895.9358 364130 27 26

1619624895.9448 364140 27 27

1619624895.9551 364150 27 27

1619624895.9653 364160 28 27

1619624895.9756 364170 27 27

1619624895.9858 364180 27 27

1619624895.9948 364190 27 27

1619624896.0051 364200 28 28

1619624896.0153 364210 27 27

1619624896.0256 364220 27 27

1619624896.0358 364230 28 28

1619624896.0447 364240 28 27

1619624896.0550 364250 27 28

1619624896.0652 364260 28 27

1619624896.0755 364270 28 28

1619624896.0858 364280 28 28

1619624896.0948 364290 29 28

1619624896.1050 364300 28 28

1619624896.1153 364310 28 28

1619624896.1255 364320 29 28

1619624896.1357 364330 28 28

1619624896.1447 364340 29 29

1619624896.1549 364350 29 28

1619624896.1652 364360 29 28

1619624896.1754 364370 29 28

1619624896.1857 364380 29 28

1619624896.1947 364390 29 29

1619624896.2049 364400 29 28

1619624896.2152 364410 30 28

1619624896.2260 364420 29 28

1619624896.2357 364430 29 29

1619624896.2446 364440 29 28

1619624896.2549 364450 30 29

1619624896.2651 364460 29 28

1619624896.2754 364470 29 29

1619624896.2856 364480 30 28

1619624896.2946 364490 29 29

1619624896.3049 364500 30 29

1619624896.3152 364510 30 29

1619624896.3254 364520 29 29

1619624896.3355 364530 30 29

1619624896.3445 364540 30 29

1619624896.3548 364550 30 29

1619624896.3650 364560 29 29

1619624896.3753 364570 30 29

1619624896.3857 364580 30 30

1619624896.3955 364590 30 28

1619624896.4050 364600 30 30

1619624896.4149 364610 29 29

1619624896.4245 364620 30 29

1619624896.4344 364630 30 30

1619624896.4446 364640 30 29

1619624896.4549 364650 29 30

1619624896.4651 364660 30 29

1619624896.4754 364670 29 30

1619624896.4843 364680 30 29

1619624896.4946 364690 29 30

1619624896.5048 364700 30 29

1619624896.5151 364710 29 30

1619624896.5253 364720 30 29

1619624896.5343 364730 30 30

1619624896.5445 364740 30 30

1619624896.5547 364750 31 30

1619624896.5649 364760 30 30

1619624896.5752 364770 31 30

1619624896.5842 364780 31 30

1619624896.5945 364790 30 29

1619624896.6047 364800 31 30

1619624896.6150 364810 31 28

1619624896.6252 364820 30 29

1619624896.6342 364830 31 28

1619624896.6444 364840 30 29

1619624896.6548 364850 30 27

1619624896.6648 364860 30 28

1619624896.6751 364870 30 27

1619624896.6841 364880 30 28

1619624896.6944 364890 30 27

1619624896.7046 364900 29 28

1619624896.7149 364910 30 28

1619624896.7252 364920 29 27

1619624896.7341 364930 29 28

1619624896.7444 364940 28 28

1619624896.7547 364950 28 28

1619624896.7649 364960 28 28

1619624896.7751 364970 28 28

1619624896.7841 364980 28 28

1619624896.7944 364990 27 28

1619624896.8046 365000 28 28

1619624896.8149 365010 27 28

1619624896.8251 365020 27 27

1619624896.8340 365030 27 28

1619624896.8443 365040 28 28

1619624896.8546 365050 27 28

1619624896.8648 365060 26 27

1619624896.8750 365070 27 27

1619624896.8840 365080 27 27

1619624896.8943 365090 27 26

1619624896.9045 365100 26 27

1619624896.9148 365110 27 26

1619624896.9250 365120 26 26

1619624896.9340 365130 27 26

1619624896.9442 365140 27 25

1619624896.9545 365150 26 25

1619624896.9647 365160 26 25

1619624896.9750 365170 27 25

1619624896.9839 365180 27 24

1619624896.9942 365190 27 24

1619624897.0044 365200 27 24

1619624897.0147 365210 28 24

1619624897.0249 365220 27 24

1619624897.0339 365230 28 25

1619624897.0442 365240 28 23

1619624897.0545 365250 27 25

1619624897.0646 365260 28 24

1619624897.0749 365270 27 24

1619624897.0839 365280 28 25

1619624897.0941 365290 27 24

1619624897.1043 365300 27 25

1619624897.1146 365310 27 25

1619624897.1248 365320 27 25

1619624897.1338 365330 26 26

1619624897.1441 365340 26 25

1619624897.1544 365350 27 26

1619624897.1646 365360 26 25

1619624897.1748 365370 26 26

1619624897.1838 365380 26 26

1619624897.1940 365390 26 25

1619624897.2042 365400 25 26

1619624897.2145 365410 26 26

1619624897.2248 365420 25 24

1619624897.2338 365430 26 25

1619624897.2440 365440 25 24

1619624897.2543 365450 24 24

1619624897.2645 365460 24 23

1619624897.2747 365470 24 24

1619624897.2837 365480 25 23

1619624897.2939 365490 24 24

1619624897.3042 365500 24 24

1619624897.3146 365510 24 24

1619624897.3247 365520 25 25

1619624897.3337 365530 24 25

1619624897.3439 365540 24 25

1619624897.3542 365550 24 25

1619624897.3644 365560 24 26

1619624897.3747 365570 22 26

1619624897.3836 365580 23 27

1619624897.3938 365590 22 26

1619624897.4041 365600 21 27

1619624897.4144 365610 21 26

1619624897.4246 365620 20 27

1619624897.4336 365630 20 26

1619624897.4438 365640 19 27

1619624897.4541 365650 19 26

1619624897.4644 365660 19 26

1619624897.4746 365670 18 26

1619624897.4836 365680 19 26

1619624897.4939 365690 18 25

1619624897.5041 365700 18 26

1619624897.5143 365710 18 25

1619624897.5245 365720 19 24

1619624897.5335 365730 18 25

1619624897.5438 365740 18 25

1619624897.5540 365750 19 24

1619624897.5643 365760 19 25

1619624897.5745 365770 19 24

1619624897.5835 365780 20 25

1619624897.5939 365790 20 24

1619624897.6043 365800 20 24

1619624897.6146 365810 20 25

1619624897.6245 365820 21 24

1619624897.6340 365830 21 24

1619624897.6439 365840 21 24

1619624897.6546 365850 22 23

1619624897.6645 365860 22 24

1619624897.6735 365870 23 23

1619624897.6837 365880 23 24

1619624897.6940 365890 23 23

1619624897.7030 365900 24 24

1619624897.7145 365910 25 23

1619624897.7234 365920 24 24

1619624897.7336 365930 26 25

1619624897.7439 365940 25 24

1619624897.7529 365950 26 26

1619624897.7644 365960 25 25

1619624897.7734 365970 26 26

1619624897.7836 365980 26 26

1619624897.7947 365990 26 26

1619624897.8048 366000 27 26

1619624897.8133 366010 26 27

1619624897.8236 366020 27 26

1619624897.8338 366030 27 27

1619624897.8441 366040 27 27

1619624897.8542 366050 27 28

1619624897.8632 366060 27 27

1619624897.8734 366070 27 28

1619624897.8837 366080 27 27

1619624897.8939 366090 27 28

1619624897.9042 366100 28 29

1619624897.9132 366110 29 28

1619624897.9234 366120 28 29

1619624897.9337 366130 29 29

1619624897.9439 366140 28 29

1619624897.9542 366150 30 28

1619624897.9632 366160 29 29

1619624897.9735 366170 29 29

1619624897.9836 366180 30 30

1619624897.9939 366190 30 29

1619624898.0041 366200 30 30

1619624898.0131 366210 29 30

1619624898.0234 366220 30 31

1619624898.0336 366230 29 30

1619624898.0439 366240 30 31

1619624898.0541 366250 29 31

1619624898.0631 366260 29 31

1619624898.0734 366270 29 32

1619624898.0836 366280 29 31

1619624898.0939 366290 30 32

1619624898.1041 366300 29 32

1619624898.1130 366310 29 32

1619624898.1233 366320 30 32

1619624898.1335 366330 29 33

1619624898.1438 366340 30 32

1619624898.1540 366350 30 33

1619624898.1630 366360 30 32

1619624898.1733 366370 30 31

1619624898.1835 366380 30 31

1619624898.1938 366390 30 30

1619624898.2041 366400 30 31

1619624898.2130 366410 30 30

1619624898.2233 366420 30 30

1619624898.2336 366430 30 30

1619624898.2440 366440 31 30

1619624898.2536 366450 31 31

1619624898.2630 366460 31 30

1619624898.2733 366470 32 30

1619624898.2835 366480 31 31

1619624898.2937 366490 33 30

1619624898.3040 366500 32 30

1619624898.3130 366510 33 30

1619624898.3232 366520 34 31

1619624898.3335 366530 33 30

1619624898.3437 366540 33 30

1619624898.3539 366550 33 30

1619624898.3630 366560 33 29

1619624898.3732 366570 33 29

1619624898.3835 366580 32 28

1619624898.3936 366590 33 28

1619624898.4039 366600 32 27

1619624898.4129 366610 32 26

1619624898.4231 366620 31 26

1619624898.4334 366630 31 25

1619624898.4436 366640 30 25

1619624898.4539 366650 30 24

1619624898.4630 366660 29 24

1619624898.4732 366670 29 24

1619624898.4835 366680 28 24

1619624898.4937 366690 29 23

1619624898.5039 366700 27 24

1619624898.5129 366710 28 24

1619624898.5231 366720 27 24

1619624898.5333 366730 27 24

1619624898.5435 366740 27 24

1619624898.5538 366750 27 24

1619624898.5628 366760 27 24

1619624898.5731 366770 27 24

1619624898.5834 366780 26 25

1619624898.5936 366790 26 24

1619624898.6038 366800 27 24

1619624898.6128 366810 27 25

1619624898.6231 366820 26 23

1619624898.6333 366830 27 24

1619624898.6435 366840 27 24

1619624898.6538 366850 26 23

1619624898.6628 366860 27 24

1619624898.6731 366870 27 23

1619624898.6833 366880 26 23

1619624898.6935 366890 27 23

1619624898.7037 366900 26 23

1619624898.7127 366910 26 23

1619624898.7230 366920 26 24

1619624898.7332 366930 26 24

1619624898.7435 366940 26 23

1619624898.7537 366950 25 24

1619624898.7627 366960 25 24

1619624898.7730 366970 25 24

1619624898.7832 366980 24 24

1619624898.7935 366990 24 23

1619624898.8037 367000 24 24

1619624898.8128 367010 23 24

1619624898.8230 367020 24 23

1619624898.8332 367030 23 24

1619624898.8435 367040 24 24

1619624898.8537 367050 23 23

1619624898.8627 367060 23 24

1619624898.8729 367070 23 24

1619624898.8833 367080 23 24

1619624898.8934 367090 24 24

1619624898.9037 367100 23 24

1619624898.9127 367110 24 24

1619624898.9229 367120 24 24

1619624898.9332 367130 24 25

1619624898.9434 367140 25 24

1619624898.9537 367150 24 25

1619624898.9627 367160 25 25

1619624898.9729 367170 25 24

1619624898.9832 367180 25 25

1619624898.9934 367190 25 25

1619624899.0037 367200 25 24

1619624899.0127 367210 25 25

1619624899.0229 367220 26 25

1619624899.0332 367230 25 25

1619624899.0434 367240 25 26

1619624899.0536 367250 25 25

1619624899.0627 367260 25 26

1619624899.0728 367270 26 26

1619624899.0832 367280 24 25

1619624899.0933 367290 26 27

1619624899.1036 367300 25 26

1619624899.1126 367310 25 27

1619624899.1228 367320 25 26

1619624899.1331 367330 25 27

1619624899.1433 367340 25 27

1619624899.1536 367350 25 27

1619624899.1626 367360 24 27

1619624899.1729 367370 26 26

1619624899.1831 367380 25 27

1619624899.1934 367390 25 27

1619624899.2035 367400 26 27

1619624899.2125 367410 26 27

1619624899.2227 367420 25 27

1619624899.2330 367430 26 27

1619624899.2433 367440 26 27

1619624899.2534 367450 26 28

1619624899.2625 367460 26 27

1619624899.2727 367470 26 27

1619624899.2831 367480 27 27

1619624899.2935 367490 26 27

1619624899.3033 367500 27 28

1619624899.3129 367510 27 27

1619624899.3233 367520 27 27

1619624899.3337 367530 27 27

1619624899.3435 367540 28 27

1619624899.3530 367550 27 27

1619624899.3630 367560 28 26

1619624899.3731 367570 29 27

1619624899.3824 367580 29 27

1619624899.3926 367590 29 26

1619624899.4029 367600 29 27

1619624899.4130 367610 30 27

1619624899.4233 367620 30 27

1619624899.4323 367630 30 28

1619624899.4426 367640 30 28

1619624899.4527 367650 29 28

1619624899.4631 367660 30 28

1619624899.4733 367670 30 28

1619624899.4823 367680 30 29

1619624899.4925 367690 30 28

1619624899.5028 367700 30 29

1619624899.5130 367710 30 29

1619624899.5233 367720 30 29

1619624899.5323 367730 30 29

1619624899.5426 367740 31 30

1619624899.5527 367750 30 29

1619624899.5630 367760 31 30

1619624899.5732 367770 31 29

1619624899.5823 367780 31 31

1619624899.5925 367790 30 30

1619624899.6028 367800 32 30

1619624899.6130 367810 31 31

1619624899.6232 367820 31 31

1619624899.6322 367830 31 31

1619624899.6425 367840 32 31

1619624899.6527 367850 32 32

1619624899.6630 367860 32 32

1619624899.6732 367870 32 32

1619624899.6821 367880 32 33

1619624899.6924 367890 33 33

1619624899.7027 367900 33 33

1619624899.7129 367910 32 34

1619624899.7231 367920 33 34

1619624899.7321 367930 33 35

1619624899.7424 367940 34 36

1619624899.7526 367950 33 36

1619624899.7629 367960 35 37

1619624899.7731 367970 34 37

1619624899.7821 367980 34 37

1619624899.7924 367990 35 37

1619624899.8027 368000 35 38

1619624899.8129 368010 35 38

1619624899.8230 368020 35 38

1619624899.8320 368030 35 38

1619624899.8423 368040 35 38

1619624899.8525 368050 35 38

1619624899.8628 368060 35 38

1619624899.8732 368070 36 38

1619624899.8820 368080 36 37

1619624899.8923 368090 35 38

1619624899.9026 368100 36 37

1619624899.9128 368110 36 38

1619624899.9230 368120 36 37

1619624899.9321 368130 35 37

1619624899.9423 368140 36 38

1619624899.9525 368150 35 37

1619624899.9628 368160 35 38

1619624899.9732 368170 35 37

1619624899.9821 368180 35 38

1619624899.9922 368190 34 37

1619624900.0025 368200 34 37

1619624900.0128 368210 34 37

1619624900.0230 368220 34 36

1619624900.0319 368230 33 37

1619624900.0423 368240 33 36

1619624900.0525 368250 33 35

1619624900.0628 368260 33 36

1619624900.0730 368270 32 35

1619624900.0820 368280 33 35

1619624900.0922 368290 32 35

1619624900.1025 368300 32 34

1619624900.1127 368310 32 33

1619624900.1229 368320 33 34

1619624900.1319 368330 32 32

1619624900.1421 368340 32 33

1619624900.1524 368350 33 32

1619624900.1632 368360 32 32

1619624900.1729 368370 33 31

1619624900.1819 368380 32 31

1619624900.1922 368390 33 31

1619624900.2025 368400 33 30

1619624900.2126 368410 33 30

1619624900.2229 368420 33 31

1619624900.2319 368430 34 30

1619624900.2423 368440 33 30

1619624900.2524 368450 34 30

1619624900.2626 368460 34 30

1619624900.2728 368470 34 30

1619624900.2820 368480 33 30

1619624900.2921 368490 34 29

1619624900.3024 368500 33 30

1619624900.3126 368510 33 29

1619624900.3228 368520 32 29

1619624900.3318 368530 33 29

1619624900.3421 368540 31 29

1619624900.3523 368550 32 29

1619624900.3625 368560 31 28

1619624900.3727 368570 31 29

1619624900.3817 368580 30 29

1619624900.3920 368590 30 28

1619624900.4023 368600 30 29

1619624900.4125 368610 30 28

1619624900.4227 368620 30 29

1619624900.4317 368630 30 28

1619624900.4420 368640 29 28

1619624900.4522 368650 30 28

1619624900.4625 368660 29 28

1619624900.4727 368670 29 29

1619624900.4817 368680 29 28

1619624900.4919 368690 29 29

1619624900.5022 368700 28 29

1619624900.5125 368710 28 29

1619624900.5227 368720 28 29

1619624900.5317 368730 27 30

1619624900.5419 368740 28 29

1619624900.5522 368750 28 30

1619624900.5625 368760 28 30

1619624900.5727 368770 28 30

1619624900.5817 368780 28 31

1619624900.5919 368790 28 30

1619624900.6022 368800 28 30

1619624900.6123 368810 29 31

1619624900.6226 368820 28 31

1619624900.6316 368830 28 31

1619624900.6418 368840 29 31

1619624900.6521 368850 28 31

1619624900.6624 368860 29 31

1619624900.6726 368870 28 31

1619624900.6816 368880 29 32

1619624900.6918 368890 29 32

1619624900.7020 368900 29 32

1619624900.7123 368910 30 32

1619624900.7225 368920 29 31

1619624900.7315 368930 30 32

1619624900.7418 368940 30 32

1619624900.7520 368950 31 32

1619624900.7618 368960 30 32

1619624900.7726 368970 31 31

1619624900.7816 368980 31 32

1619624900.7920 368990 31 32

1619624900.8023 369000 31 32

1619624900.8126 369010 32 32

1619624900.8225 369020 31 33

1619624900.8315 369030 31 32

1619624900.8423 369040 31 33

1619624900.8521 369050 31 32

1619624900.8624 369060 30 32

1619624900.8714 369070 31 33

1619624900.8816 369080 31 32

1619624900.8918 369090 31 33

1619624900.9021 369100 30 32

1619624900.9123 369110 31 32

1619624900.9213 369120 31 32

1619624900.9315 369130 31 32

1619624900.9417 369140 32 32

1619624900.9510 369150 31 32

1619624900.9624 369160 31 32

1619624900.9715 369170 32 33

1619624900.9817 369180 31 32

1619624900.9919 369190 32 32

1619624901.0010 369200 32 33

1619624901.0124 369210 32 32

1619624901.0214 369220 32 32

1619624901.0315 369230 32 32

1619624901.0418 369240 32 32

1619624901.0510 369250 33 32

1619624901.0623 369260 33 32

1619624901.0713 369270 33 32

1619624901.0816 369280 33 33

1619624901.0918 369290 34 32

1619624901.1009 369300 33 33

1619624901.1123 369310 34 33

1619624901.1213 369320 34 32

1619624901.1315 369330 34 33

1619624901.1418 369340 35 32

1619624901.1510 369350 34 33

1619624901.1623 369360 35 32

1619624901.1712 369370 35 32

1619624901.1815 369380 35 32

1619624901.1917 369390 35 32

1619624901.2009 369400 35 31

1619624901.2122 369410 35 32

1619624901.2212 369420 36 31

1619624901.2315 369430 35 32

1619624901.2418 369440 35 32

1619624901.2510 369450 35 32

1619624901.2623 369460 35 32

1619624901.2712 369470 36 32

1619624901.2815 369480 35 33

1619624901.2917 369490 36 32

1619624901.3009 369500 35 33

1619624901.3122 369510 36 33

1619624901.3212 369520 35 33

1619624901.3314 369530 35 34

1619624901.3417 369540 35 33

1619624901.3510 369550 35 33

1619624901.3621 369560 34 33

1619624901.3714 369570 35 34

1619624901.3810 369580 34 34

1619624901.3917 369590 34 34

1619624901.4010 369600 34 34

1619624901.4122 369610 34 34

1619624901.4211 369620 34 33

1619624901.4314 369630 34 34

1619624901.4416 369640 34 34

1619624901.4510 369650 34 33

1619624901.4621 369660 33 33

1619624901.4711 369670 34 34

1619624901.4813 369680 34 33

1619624901.4916 369690 34 33

1619624901.5010 369700 34 33

1619624901.5121 369710 34 34

1619624901.5211 369720 34 34

1619624901.5313 369730 35 34

1619624901.5416 369740 34 34

1619624901.5510 369750 34 34

1619624901.5621 369760 34 34

1619624901.5711 369770 35 34

1619624901.5813 369780 34 35

1619624901.5916 369790 35 34

1619624901.6009 369800 34 34

1619624901.6121 369810 35 34

1619624901.6210 369820 34 33

1619624901.6312 369830 34 34

1619624901.6415 369840 34 34

1619624901.6510 369850 35 33

1619624901.6620 369860 34 34

1619624901.6710 369870 34 34

1619624901.6813 369880 34 34

1619624901.6915 369890 34 35

1619624901.7009 369900 33 34

1619624901.7120 369910 34 34

1619624901.7210 369920 34 35

1619624901.7325 369930 34 35

1619624901.7416 369940 34 34

1619624901.7519 369950 33 35

1619624901.7609 369960 35 35

1619624901.7711 369970 33 35

1619624901.7813 369980 35 35

1619624901.7916 369990 34 35

1619624901.8018 370000 34 35

1619624901.8109 370010 34 34

1619624901.8210 370020 34 35

1619624901.8313 370030 35 35

1619624901.8415 370040 34 35

1619624901.8518 370050 35 35

1619624901.8608 370060 34 35

1619624901.8711 370070 35 35

1619624901.8813 370080 35 35

1619624901.8916 370090 34 35

1619624901.9018 370100 35 35

1619624901.9108 370110 35 35

1619624901.9210 370120 35 35

1619624901.9313 370130 35 36

1619624901.9415 370140 35 35

1619624901.9518 370150 35 35

1619624901.9608 370160 36 35

1619624901.9711 370170 35 36

1619624901.9813 370180 35 36

1619624901.9915 370190 35 35

1619624902.0017 370200 35 36

1619624902.0108 370210 35 36

1619624902.0210 370220 36 36

1619624902.0313 370230 35 36

1619624902.0415 370240 35 36

1619624902.0517 370250 36 36

1619624902.0607 370260 35 36

1619624902.0710 370270 36 36

1619624902.0812 370280 36 37

1619624902.0915 370290 35 36

1619624902.1017 370300 36 37

1619624902.1107 370310 35 36

1619624902.1210 370320 36 37

1619624902.1312 370330 36 37

1619624902.1415 370340 36 36

1619624902.1517 370350 35 36

1619624902.1606 370360 36 37

1619624902.1710 370370 35 36

1619624902.1812 370380 36 36

1619624902.1914 370390 35 36

1619624902.2016 370400 36 36

1619624902.2106 370410 36 36

1619624902.2209 370420 35 35

1619624902.2311 370430 36 36

1619624902.2415 370440 35 35

1619624902.2517 370450 35 35

1619624902.2606 370460 35 35

1619624902.2709 370470 35 35

1619624902.2811 370480 34 35

1619624902.2914 370490 35 34

1619624902.3016 370500 33 34

1619624902.3107 370510 34 35

1619624902.3209 370520 34 33

1619624902.3312 370530 33 34

1619624902.3414 370540 34 34

1619624902.3516 370550 33 33

1619624902.3606 370560 33 33

1619624902.3708 370570 33 33

1619624902.3811 370580 33 32

1619624902.3913 370590 33 33

1619624902.4016 370600 33 32

1619624902.4106 370610 33 32

1619624902.4208 370620 32 31

1619624902.4311 370630 32 31

1619624902.4413 370640 32 31

1619624902.4516 370650 32 31

1619624902.4606 370660 31 30

1619624902.4708 370670 31 31

1619624902.4811 370680 31 29

1619624902.4913 370690 30 30

1619624902.5015 370700 31 30

1619624902.5105 370710 29 30

1619624902.5213 370720 30 29

1619624902.5310 370730 30 29

1619624902.5412 370740 29 30

1619624902.5515 370750 30 29

1619624902.5605 370760 29 29

1619624902.5708 370770 30 30

1619624902.5810 370780 29 29

1619624902.5912 370790 30 29

1619624902.6016 370800 30 28

1619624902.6114 370810 30 29

1619624902.6210 370820 30 28

1619624902.6309 370830 29 29

1619624902.6405 370840 30 28

1619624902.6509 370850 30 28

1619624902.6612 370860 29 29

1619624902.6716 370870 29 28

1619624902.6814 370880 29 28

1619624902.6905 370890 29 28

1619624902.7007 370900 29 28

1619624902.7110 370910 28 28

1619624902.7199 370920 28 28

1619624902.7314 370930 27 28

1619624902.7404 370940 28 28

1619624902.7508 370950 27 28

1619624902.7609 370960 28 28

1619624902.7699 370970 27 28

1619624902.7814 370980 27 28

1619624902.7904 370990 28 27

1619624902.8006 371000 26 28

1619624902.8110 371010 28 27

1619624902.8199 371020 27 28

1619624902.8314 371030 27 27

1619624902.8404 371040 28 27

1619624902.8507 371050 27 28

1619624902.8609 371060 28 27

1619624902.8699 371070 28 28

1619624902.8814 371080 29 27

1619624902.8904 371090 28 28

1619624902.9006 371100 27 27

1619624902.9109 371110 28 28

1619624902.9199 371120 27 27

1619624902.9313 371130 28 27

1619624902.9403 371140 27 26

1619624902.9506 371150 27 27

1619624902.9608 371160 26 26

1619624902.9699 371170 27 26

1619624902.9813 371180 27 26

1619624902.9904 371190 27 26

1619624903.0006 371200 27 26

1619624903.0108 371210 26 26

1619624903.0200 371220 26 26

1619624903.0313 371230 27 26

1619624903.0403 371240 27 26

1619624903.0506 371250 26 26

1619624903.0608 371260 27 26

1619624903.0699 371270 27 27

1619624903.0812 371280 28 26

1619624903.0903 371290 27 27

1619624903.1005 371300 27 27

1619624903.1108 371310 28 27

1619624903.1199 371320 27 27

1619624903.1312 371330 28 27

1619624903.1402 371340 27 28

1619624903.1505 371350 28 28

1619624903.1607 371360 28 28

1619624903.1699 371370 28 28

1619624903.1812 371380 28 28

1619624903.1903 371390 28 28

1619624903.2005 371400 28 29

1619624903.2108 371410 28 29

1619624903.2199 371420 28 28

1619624903.2311 371430 28 29

1619624903.2401 371440 27 29

1619624903.2505 371450 28 29

1619624903.2606 371460 27 29

1619624903.2699 371470 27 30

1619624903.2811 371480 27 30

1619624903.2901 371490 27 30

1619624903.3004 371500 27 29

1619624903.3110 371510 27 29

1619624903.3199 371520 27 30

1619624903.3311 371530 27 29

1619624903.3401 371540 27 28

1619624903.3504 371550 28 29

1619624903.3606 371560 28 28

1619624903.3699 371570 28 28

1619624903.3811 371580 28 28

1619624903.3901 371590 28 28

1619624903.4004 371600 28 28

1619624903.4106 371610 29 27

1619624903.4199 371620 28 27

1619624903.4311 371630 27 26

1619624903.4401 371640 28 27

1619624903.4504 371650 28 26

1619624903.4606 371660 27 25

1619624903.4700 371670 28 26

1619624903.4811 371680 27 25

1619624903.4901 371690 27 25

1619624903.5003 371700 27 25

1619624903.5106 371710 28 24

1619624903.5199 371720 27 24

1619624903.5311 371730 26 25

1619624903.5401 371740 27 24

1619624903.5504 371750 26 23

1619624903.5607 371760 26 24

1619624903.5699 371770 26 24

1619624903.5811 371780 26 23

1619624903.5901 371790 25 23

1619624903.6003 371800 25 24

1619624903.6105 371810 25 23

1619624903.6199 371820 25 23

1619624903.6310 371830 25 23

1619624903.6400 371840 24 23

1619624903.6503 371850 24 22

1619624903.6605 371860 24 23

1619624903.6699 371870 24 23

1619624903.6810 371880 24 23

1619624903.6900 371890 24 22

1619624903.7002 371900 23 23

1619624903.7105 371910 24 23

1619624903.7199 371920 24 23

1619624903.7310 371930 24 23

1619624903.7399 371940 24 23

1619624903.7502 371950 24 23

1619624903.7604 371960 24 24

1619624903.7699 371970 25 24

1619624903.7809 371980 25 24

1619624903.7899 371990 25 24

1619624903.8002 372000 26 25

1619624903.8105 372010 25 24

1619624903.8199 372020 26 25

1619624903.8309 372030 27 25

1619624903.8399 372040 26 26

1619624903.8502 372050 27 26

1619624903.8604 372060 26 26

1619624903.8699 372070 27 26

1619624903.8809 372080 27 26

1619624903.8899 372090 28 27

1619624903.9002 372100 27 26

1619624903.9104 372110 28 27

1619624903.9199 372120 27 27

1619624903.9309 372130 28 27

1619624903.9398 372140 28 28

1619624903.9501 372150 28 27

1619624903.9603 372160 28 28

1619624903.9699 372170 29 28

1619624903.9808 372180 29 28

1619624903.9898 372190 29 29

1619624904.0001 372200 30 28

1619624904.0104 372210 29 29

1619624904.0199 372220 30 29

1619624904.0308 372230 30 29

1619624904.0398 372240 30 29

1619624904.0501 372250 30 29

1619624904.0603 372260 30 29

1619624904.0699 372270 30 29

1619624904.0808 372280 31 30

1619624904.0910 372290 30 29

1619624904.1002 372300 30 30

1619624904.1105 372310 31 30

1619624904.1206 372320 31 30

1619624904.1296 372330 32 30

1619624904.1399 372340 31 31

1619624904.1501 372350 31 30

1619624904.1604 372360 32 30

1619624904.1706 372370 31 31

1619624904.1796 372380 32 31

1619624904.1899 372390 31 31

1619624904.2001 372400 32 31

1619624904.2104 372410 31 31

1619624904.2206 372420 31 31

1619624904.2296 372430 31 31

1619624904.2398 372440 31 31

1619624904.2501 372450 31 31

1619624904.2604 372460 31 31

1619624904.2706 372470 31 31

1619624904.2796 372480 32 30

1619624904.2898 372490 31 31

1619624904.3001 372500 31 31

1619624904.3108 372510 32 31

1619624904.3206 372520 32 30

1619624904.3295 372530 31 31

1619624904.3398 372540 32 31

1619624904.3501 372550 31 30

1619624904.3603 372560 32 31

1619624904.3706 372570 32 31

1619624904.3796 372580 32 30

1619624904.3898 372590 31 31

1619624904.4001 372600 32 31

1619624904.4104 372610 32 30

1619624904.4206 372620 32 32

1619624904.4296 372630 32 31

1619624904.4397 372640 32 32

1619624904.4500 372650 32 31

1619624904.4602 372660 32 33

1619624904.4705 372670 32 32

1619624904.4795 372680 32 32

1619624904.4897 372690 33 33

1619624904.5000 372700 32 32

1619624904.5098 372710 32 33

1619624904.5195 372720 33 33

1619624904.5299 372730 32 33

1619624904.5402 372740 33 33

1619624904.5506 372750 33 34

1619624904.5605 372760 34 33

1619624904.5700 372770 33 34

1619624904.5798 372780 33 35

1619624904.5889 372790 33 34

1619624904.6004 372800 33 34

1619624904.6094 372810 33 34

1619624904.6197 372820 33 34

1619624904.6299 372830 32 33

1619624904.6389 372840 32 33

1619624904.6505 372850 32 34

1619624904.6593 372860 31 33

1619624904.6697 372870 31 33

1619624904.6798 372880 31 32

1619624904.6889 372890 30 33

1619624904.7004 372900 30 32

1619624904.7093 372910 29 33

1619624904.7196 372920 29 33

1619624904.7298 372930 29 32

1619624904.7390 372940 28 33

1619624904.7504 372950 27 33

1619624904.7594 372960 28 32

1619624904.7696 372970 26 32

1619624904.7798 372980 27 32

1619624904.7889 372990 26 32

1619624904.8004 373000 25 31

1619624904.8093 373010 25 31

1619624904.8195 373020 24 30

1619624904.8298 373030 24 30

1619624904.8390 373040 23 30

1619624904.8503 373050 23 31

1619624904.8593 373060 22 30

1619624904.8695 373070 23 30

1619624904.8807 373080 21 31

1619624904.8901 373090 22 30

1619624904.8992 373100 21 30

1619624904.9094 373110 21 30

1619624904.9196 373120 21 30

1619624904.9299 373130 21 29

1619624904.9402 373140 20 29

1619624904.9491 373150 21 30

1619624904.9593 373160 20 29

1619624904.9697 373170 21 28

1619624904.9798 373180 20 29

1619624904.9901 373190 21 28

1619624904.9991 373200 21 28

1619624905.0093 373210 20 27

1619624905.0196 373220 21 27

1619624905.0298 373230 20 26

1619624905.0401 373240 21 26

1619624905.0491 373250 20 25

1619624905.0593 373260 21 25

1619624905.0696 373270 20 25

1619624905.0798 373280 21 25

1619624905.0901 373290 21 24

1619624905.0991 373300 21 24

1619624905.1093 373310 22 24

1619624905.1196 373320 22 23

1619624905.1297 373330 23 24

1619624905.1400 373340 23 22

1619624905.1490 373350 23 23

1619624905.1593 373360 24 23

1619624905.1695 373370 24 22

1619624905.1797 373380 24 22

1619624905.1900 373390 26 23

1619624905.1990 373400 25 22

1619624905.2092 373410 26 22

1619624905.2195 373420 26 22

1619624905.2297 373430 27 23

1619624905.2400 373440 27 22

1619624905.2492 373450 27 23

1619624905.2593 373460 28 22

1619624905.2695 373470 27 23

1619624905.2797 373480 28 23

1619624905.2900 373490 28 24

1619624905.2989 373500 28 24

1619624905.3092 373510 28 25

1619624905.3194 373520 28 26

1619624905.3297 373530 28 27

1619624905.3399 373540 28 27

1619624905.3489 373550 28 28

1619624905.3592 373560 29 28

1619624905.3694 373570 28 28

1619624905.3797 373580 29 29

1619624905.3899 373590 30 29

1619624905.3989 373600 29 29

1619624905.4092 373610 30 29

1619624905.4194 373620 30 30

1619624905.4297 373630 30 29

1619624905.4399 373640 31 31

1619624905.4489 373650 31 30

1619624905.4592 373660 31 31

1619624905.4694 373670 31 30

1619624905.4796 373680 31 32

1619624905.4899 373690 32 30

1619624905.4989 373700 31 32

1619624905.5091 373710 32 31

1619624905.5194 373720 31 31

1619624905.5296 373730 32 31

1619624905.5398 373740 32 31

1619624905.5488 373750 31 32

1619624905.5591 373760 32 31

1619624905.5694 373770 32 31

1619624905.5796 373780 31 32

1619624905.5898 373790 32 32

1619624905.5989 373800 32 32

1619624905.6091 373810 32 32

1619624905.6194 373820 31 31

1619624905.6296 373830 32 32

1619624905.6398 373840 32 31

1619624905.6488 373850 32 31

1619624905.6591 373860 32 31

1619624905.6694 373870 32 31

1619624905.6795 373880 32 31

1619624905.6898 373890 33 30

1619624905.6988 373900 32 31

1619624905.7091 373910 33 30

1619624905.7193 373920 32 31

1619624905.7295 373930 33 31

1619624905.7398 373940 33 31

1619624905.7487 373950 32 31

1619624905.7590 373960 33 31

1619624905.7693 373970 32 32

1619624905.7795 373980 32 31

1619624905.7898 373990 33 31

1619624905.7987 374000 33 32

1619624905.8089 374010 32 32

1619624905.8192 374020 33 31

1619624905.8294 374030 33 32

1619624905.8397 374040 33 32

1619624905.8487 374050 33 32

1619624905.8589 374060 33 32

1619624905.8692 374070 33 32

1619624905.8794 374080 33 32

1619624905.8897 374090 34 33

1619624905.8987 374100 34 32

1619624905.9090 374110 33 33

1619624905.9192 374120 34 33

1619624905.9295 374130 34 33

1619624905.9396 374140 34 34

1619624905.9486 374150 33 33

1619624905.9589 374160 34 33

1619624905.9692 374170 34 33

1619624905.9794 374180 35 34

1619624905.9896 374190 34 33

1619624905.9986 374200 34 33

1619624906.0089 374210 35 33

1619624906.0191 374220 34 33

1619624906.0294 374230 35 33

1619624906.0396 374240 35 33

1619624906.0486 374250 34 33

1619624906.0589 374260 35 32

1619624906.0691 374270 34 33

1619624906.0794 374280 34 33

1619624906.0895 374290 34 32

1619624906.0986 374300 34 33

1619624906.1089 374310 33 32

1619624906.1191 374320 34 33

1619624906.1293 374330 33 32

1619624906.1395 374340 33 33

1619624906.1485 374350 33 32

1619624906.1588 374360 33 32

1619624906.1691 374370 34 32

1619624906.1793 374380 32 32

1619624906.1895 374390 33 32

1619624906.1986 374400 33 32

1619624906.2088 374410 32 31

1619624906.2190 374420 32 32

1619624906.2293 374430 33 31

1619624906.2395 374440 32 31

1619624906.2486 374450 31 31

1619624906.2588 374460 31 31

1619624906.2690 374470 32 31

1619624906.2793 374480 31 31

1619624906.2895 374490 32 30

1619624906.2985 374500 31 30

1619624906.3087 374510 32 30

1619624906.3190 374520 32 29

1619624906.3288 374530 31 30

1619624906.3396 374540 31 29

1619624906.3494 374550 32 29

1619624906.3590 374560 31 30

1619624906.3688 374570 31 30

1619624906.3785 374580 31 29

1619624906.3888 374590 31 30

1619624906.3987 374600 30 30

1619624906.4089 374610 31 30

1619624906.4179 374620 30 29

1619624906.4294 374630 30 29

1619624906.4385 374640 30 29

1619624906.4487 374650 30 28

1619624906.4601 374660 30 29

1619624906.4693 374670 30 28

1619624906.4783 374680 29 28

1619624906.4885 374690 29 29

1619624906.4988 374700 29 28

1619624906.5090 374710 29 28

1619624906.5192 374720 28 28

1619624906.5282 374730 28 27

1619624906.5385 374740 28 27

1619624906.5487 374750 27 27

1619624906.5590 374760 27 27

1619624906.5692 374770 27 26

1619624906.5782 374780 26 26

1619624906.5885 374790 27 25

1619624906.5988 374800 26 26

1619624906.6090 374810 26 24

1619624906.6192 374820 26 25

1619624906.6282 374830 26 25

1619624906.6385 374840 27 24

1619624906.6487 374850 25 24

1619624906.6590 374860 26 23

1619624906.6692 374870 26 24

1619624906.6781 374880 26 23

1619624906.6884 374890 26 22

1619624906.6988 374900 26 23

1619624906.7089 374910 25 22

1619624906.7192 374920 26 22

1619624906.7281 374930 26 22

1619624906.7384 374940 25 22

1619624906.7486 374950 26 21

1619624906.7589 374960 25 22

1619624906.7691 374970 26 21

1619624906.7781 374980 26 21

1619624906.7883 374990 25 21

1619624906.7986 375000 25 20

1619624906.8088 375010 26 21

1619624906.8191 375020 25 20

1619624906.8281 375030 25 20

1619624906.8384 375040 26 20

1619624906.8486 375050 25 20

1619624906.8589 375060 25 20

1619624906.8691 375070 25 19

1619624906.8781 375080 25 20

1619624906.8883 375090 25 20

1619624906.8987 375100 25 19

1619624906.9088 375110 25 20

1619624906.9191 375120 26 20

1619624906.9281 375130 25 20

1619624906.9382 375140 26 21

1619624906.9485 375150 26 20

1619624906.9588 375160 26 21

1619624906.9690 375170 26 21

1619624906.9780 375180 26 21

1619624906.9882 375190 26 22

1619624906.9985 375200 26 21

1619624907.0088 375210 27 23

1619624907.0190 375220 26 23

1619624907.0280 375230 27 22

1619624907.0383 375240 27 23

1619624907.0485 375250 27 23

1619624907.0588 375260 28 23

1619624907.0690 375270 27 24

1619624907.0780 375280 28 23

1619624907.0882 375290 27 24

1619624907.0985 375300 28 25

1619624907.1087 375310 28 24

1619624907.1189 375320 29 25

1619624907.1279 375330 28 25

1619624907.1382 375340 28 25

1619624907.1484 375350 27 26

1619624907.1587 375360 28 25

1619624907.1689 375370 27 26

1619624907.1780 375380 26 27

1619624907.1882 375390 27 26

1619624907.1985 375400 26 28

1619624907.2087 375410 27 27

1619624907.2189 375420 26 28

1619624907.2279 375430 26 28

1619624907.2381 375440 27 29

1619624907.2483 375450 26 29

1619624907.2587 375460 27 29

1619624907.2689 375470 27 30

1619624907.2779 375480 28 31

1619624907.2881 375490 28 31

1619624907.2984 375500 28 31

1619624907.3086 375510 29 31

1619624907.3189 375520 29 31

1619624907.3278 375530 29 31

1619624907.3381 375540 29 31

1619624907.3483 375550 29 31

1619624907.3586 375560 30 32

1619624907.3688 375570 29 32

1619624907.3778 375580 30 32

1619624907.3880 375590 30 32

1619624907.3983 375600 30 32

1619624907.4085 375610 30 32

1619624907.4188 375620 31 32

1619624907.4278 375630 30 32

1619624907.4380 375640 31 31

1619624907.4483 375650 31 32

1619624907.4586 375660 30 31

1619624907.4688 375670 30 31

1619624907.4777 375680 30 31

1619624907.4880 375690 30 31

1619624907.4983 375700 30 31

1619624907.5085 375710 29 32

1619624907.5188 375720 29 31

1619624907.5278 375730 28 31

1619624907.5379 375740 28 31

1619624907.5482 375750 28 31

1619624907.5585 375760 27 31

1619624907.5687 375770 27 30

1619624907.5777 375780 27 30

1619624907.5879 375790 27 30

1619624907.5982 375800 26 30

1619624907.6084 375810 26 29

1619624907.6187 375820 26 30

1619624907.6278 375830 25 30

1619624907.6379 375840 25 30

1619624907.6482 375850 25 30

1619624907.6585 375860 25 30

1619624907.6687 375870 24 31

1619624907.6777 375880 25 30

1619624907.6879 375890 25 31

1619624907.6981 375900 25 31

1619624907.7084 375910 24 30

1619624907.7186 375920 25 31

1619624907.7276 375930 26 30

1619624907.7379 375940 25 30

1619624907.7481 375950 25 30

1619624907.7584 375960 25 30

1619624907.7686 375970 26 29

1619624907.7776 375980 25 29

1619624907.7879 375990 26 29

1619624907.7981 376000 26 28

1619624907.8084 376010 27 29

1619624907.8186 376020 26 29

1619624907.8276 376030 26 28

1619624907.8378 376040 27 29

1619624907.8480 376050 27 29

1619624907.8584 376060 26 28

1619624907.8686 376070 27 29

1619624907.8776 376080 27 28

1619624907.8878 376090 27 29

1619624907.8980 376100 27 28

1619624907.9083 376110 27 29

1619624907.9186 376120 28 29

1619624907.9275 376130 27 28

1619624907.9378 376140 28 29

1619624907.9480 376150 28 28

1619624907.9583 376160 27 29

1619624907.9685 376170 28 29

1619624907.9775 376180 27 30

1619624907.9878 376190 28 29

1619624907.9981 376200 27 29

1619624908.0083 376210 28 30

1619624908.0185 376220 27 29

1619624908.0276 376230 27 29

1619624908.0377 376240 28 29

1619624908.0480 376250 27 28

1619624908.0583 376260 26 29

1619624908.0685 376270 27 28

1619624908.0775 376280 25 27

1619624908.0877 376290 26 28

1619624908.0980 376300 24 28

1619624908.1078 376310 24 28

1619624908.1175 376320 24 28

1619624908.1278 376330 23 28

1619624908.1383 376340 22 28

1619624908.1486 376350 23 28

1619624908.1585 376360 22 28

1619624908.1674 376370 23 28

1619624908.1777 376380 23 28

1619624908.1879 376390 23 28

1619624908.1971 376400 24 28

1619624908.2084 376410 23 27

1619624908.2175 376420 24 28

1619624908.2277 376430 24 27

1619624908.2379 376440 24 26

1619624908.2469 376450 24 27

1619624908.2584 376460 23 25

1619624908.2673 376470 23 26

1619624908.2776 376480 23 25

1619624908.2878 376490 23 25

1619624908.2969 376500 22 24

1619624908.3083 376510 23 25

1619624908.3174 376520 21 25

1619624908.3276 376530 22 24

1619624908.3378 376540 22 25

1619624908.3471 376550 22 25

1619624908.3584 376560 21 24

1619624908.3673 376570 22 25

1619624908.3776 376580 22 24

1619624908.3879 376590 22 25

1619624908.3969 376600 22 24

1619624908.4083 376610 23 24

1619624908.4173 376620 22 24

1619624908.4275 376630 23 24

1619624908.4379 376640 23 24

1619624908.4469 376650 23 23

1619624908.4583 376660 23 23

1619624908.4673 376670 23 23

1619624908.4775 376680 23 23

1619624908.4879 376690 23 23

1619624908.4969 376700 24 23

1619624908.5083 376710 23 23

1619624908.5173 376720 24 24

1619624908.5275 376730 24 23

1619624908.5377 376740 24 23

1619624908.5469 376750 24 24

1619624908.5582 376760 24 23

1619624908.5672 376770 24 23

1619624908.5775 376780 25 23

1619624908.5877 376790 24 23

1619624908.5970 376800 25 24

1619624908.6082 376810 25 23

1619624908.6172 376820 25 23

1619624908.6274 376830 24 24

1619624908.6377 376840 25 24

1619624908.6469 376850 25 24

1619624908.6581 376860 25 25

1619624908.6671 376870 25 24

1619624908.6773 376880 25 25

1619624908.6876 376890 25 25

1619624908.6969 376900 25 25

1619624908.7081 376910 26 25

1619624908.7171 376920 26 25

1619624908.7273 376930 26 25

1619624908.7376 376940 27 26

1619624908.7469 376950 27 25

1619624908.7581 376960 28 25

1619624908.7671 376970 27 25

1619624908.7773 376980 28 25

1619624908.7876 376990 29 25

1619624908.7969 377000 28 25

1619624908.8080 377010 29 26

1619624908.8185 377020 29 26

1619624908.8275 377030 28 25

1619624908.8376 377040 29 26

1619624908.8479 377050 29 26

1619624908.8569 377060 29 25

1619624908.8672 377070 29 26

1619624908.8774 377080 29 25

1619624908.8877 377090 29 24

1619624908.8979 377100 28 25

1619624908.9069 377110 29 25

1619624908.9172 377120 28 24

1619624908.9274 377130 28 24

1619624908.9377 377140 28 25

1619624908.9479 377150 27 25

1619624908.9568 377160 28 25

1619624908.9671 377170 28 26

1619624908.9774 377180 28 25

1619624908.9876 377190 28 27

1619624908.9979 377200 28 26

1619624909.0069 377210 28 28

1619624909.0171 377220 28 28

1619624909.0274 377230 27 29

1619624909.0376 377240 28 29

1619624909.0479 377250 27 29

1619624909.0568 377260 27 30

1619624909.0671 377270 27 28

1619624909.0774 377280 27 29

1619624909.0875 377290 26 29

1619624909.0977 377300 27 29

1619624909.1068 377310 26 28

1619624909.1170 377320 26 29

1619624909.1273 377330 25 30

1619624909.1375 377340 26 31

1619624909.1477 377350 26 31

1619624909.1568 377360 25 32

1619624909.1670 377370 25 32

1619624909.1773 377380 25 32

1619624909.1875 377390 24 33

1619624909.1978 377400 24 32

1619624909.2068 377410 25 31

1619624909.2169 377420 24 32

1619624909.2272 377430 25 31

1619624909.2374 377440 25 30

1619624909.2477 377450 26 31

1619624909.2567 377460 25 30

1619624909.2667 377470 26 30

1619624909.2772 377480 26 29

1619624909.2874 377490 26 30

1619624909.2977 377500 25 29

1619624909.3067 377510 27 29

1619624909.3169 377520 26 29

1619624909.3271 377530 27 29

1619624909.3374 377540 27 28

1619624909.3476 377550 27 27

1619624909.3567 377560 28 27

1619624909.3669 377570 28 26

1619624909.3771 377580 28 26

1619624909.3874 377590 28 25

1619624909.3976 377600 29 26

1619624909.4066 377610 30 25

1619624909.4168 377620 29 25

1619624909.4271 377630 31 25

1619624909.4374 377640 31 25

1619624909.4476 377650 32 24

1619624909.4565 377660 32 24

1619624909.4668 377670 33 23

1619624909.4770 377680 33 23

1619624909.4873 377690 34 23

1619624909.4975 377700 33 21

1619624909.5066 377710 34 20

1619624909.5168 377720 34 20

1619624909.5271 377730 34 19

1619624909.5373 377740 34 18

1619624909.5475 377750 34 18

1619624909.5565 377760 34 19

1619624909.5668 377770 33 20

1619624909.5770 377780 33 20

1619624909.5873 377790 33 22

1619624909.5974 377800 33 23

1619624909.6071 377810 32 24

1619624909.6167 377820 33 25

1619624909.6270 377830 32 25

1619624909.6372 377840 32 27

1619624909.6474 377850 32 27

1619624909.6564 377860 32 28

1619624909.6667 377870 32 28

1619624909.6770 377880 32 30

1619624909.6872 377890 32 30

1619624909.6976 377900 33 32

1619624909.7074 377910 32 32

1619624909.7169 377920 32 33

1619624909.7268 377930 33 33

1619624909.7364 377940 32 34

1619624909.7468 377950 33 34

1619624909.7572 377960 33 35

1619624909.7676 377970 32 35

1619624909.7774 377980 33 36

1619624909.7865 377990 33 37

1619624909.7966 378000 33 37

1619624909.8070 378010 33 37

1619624909.8164 378020 34 38

1619624909.8274 378030 33 39

1619624909.8364 378040 35 39

1619624909.8467 378050 34 39

1619624909.8569 378060 34 39

1619624909.8659 378070 34 40

1619624909.8774 378080 34 40

1619624909.8864 378090 35 41

1619624909.8966 378100 34 41

1619624909.9069 378110 35 41

1619624909.9159 378120 35 41

1619624909.9273 378130 35 42

1619624909.9363 378140 35 41

1619624909.9466 378150 36 41

1619624909.9568 378160 36 41

1619624909.9659 378170 35 41

1619624909.9773 378180 36 40

1619624909.9864 378190 36 39

1619624909.9966 378200 37 39

1619624910.0069 378210 36 39

1619624910.0159 378220 37 39

1619624910.0273 378230 37 38

1619624910.0362 378240 36 38

1619624910.0466 378250 37 38

1619624910.0568 378260 36 37

1619624910.0659 378270 37 38

1619624910.0773 378280 37 37

1619624910.0863 378290 37 37

1619624910.0965 378300 36 37

1619624910.1068 378310 37 36

1619624910.1159 378320 37 37

1619624910.1273 378330 36 36

1619624910.1363 378340 37 36

1619624910.1465 378350 36 36

1619624910.1567 378360 37 36

1619624910.1659 378370 36 36

1619624910.1772 378380 35 35

1619624910.1862 378390 36 36

1619624910.1964 378400 35 35

1619624910.2067 378410 34 36

1619624910.2159 378420 35 35

1619624910.2272 378430 34 35

1619624910.2362 378440 34 35

1619624910.2465 378450 34 35

1619624910.2569 378460 33 35

1619624910.2659 378470 34 36

1619624910.2772 378480 33 35

1619624910.2861 378490 34 35

1619624910.2959 378500 33 35

1619624910.3067 378510 34 35

1619624910.3163 378520 33 35

1619624910.3271 378530 34 35

1619624910.3361 378540 34 35

1619624910.3464 378550 33 34

1619624910.3566 378560 34 35

1619624910.3659 378570 33 34

1619624910.3771 378580 34 33

1619624910.3861 378590 32 34

1619624910.3966 378600 33 33

1619624910.4066 378610 32 33

1619624910.4159 378620 32 33

1619624910.4270 378630 32 31

1619624910.4360 378640 31 32

1619624910.4463 378650 30 30

1619624910.4565 378660 30 30

1619624910.4659 378670 29 29

1619624910.4771 378680 29 30

1619624910.4860 378690 29 28

1619624910.4963 378700 28 29

1619624910.5066 378710 28 29

1619624910.5159 378720 27 29

1619624910.5269 378730 28 29

1619624910.5359 378740 27 28

1619624910.5464 378750 27 28

1619624910.5564 378760 27 28

1619624910.5659 378770 27 28

1619624910.5769 378780 26 28

1619624910.5859 378790 27 27

1619624910.5962 378800 25 27

1619624910.6066 378810 27 27

1619624910.6159 378820 25 27

1619624910.6270 378830 26 27

1619624910.6359 378840 26 27

1619624910.6462 378850 26 27

1619624910.6564 378860 26 26

1619624910.6659 378870 26 26

1619624910.6769 378880 26 26

1619624910.6859 378890 26 26

1619624910.6961 378900 26 26

1619624910.7064 378910 25 26

1619624910.7160 378920 25 26

1619624910.7269 378930 25 26

1619624910.7359 378940 25 26

1619624910.7461 378950 24 26

1619624910.7564 378960 24 26

1619624910.7659 378970 24 25

1619624910.7768 378980 23 26

1619624910.7858 378990 23 25

1619624910.7960 379000 22 26

1619624910.8064 379010 22 24

1619624910.8159 379020 22 25

1619624910.8268 379030 22 24

1619624910.8358 379040 21 24

1619624910.8460 379050 21 23

1619624910.8563 379060 21 24

1619624910.8658 379070 21 23

1619624910.8768 379080 21 23

1619624910.8858 379090 21 23

1619624910.8960 379100 21 23

1619624910.9064 379110 21 23

1619624910.9159 379120 21 22

1619624910.9267 379130 22 23

1619624910.9357 379140 21 22

1619624910.9460 379150 22 21

1619624910.9562 379160 21 22

1619624910.9659 379170 22 21

1619624910.9767 379180 22 22

1619624910.9857 379190 22 21

1619624910.9960 379200 22 21

1619624911.0063 379210 22 22

1619624911.0159 379220 21 21

1619624911.0267 379230 21 21

1619624911.0357 379240 20 22

1619624911.0459 379250 21 22

1619624911.0561 379260 20 22

1619624911.0659 379270 20 22

1619624911.0766 379280 20 22

1619624911.0856 379290 20 21

1619624911.0959 379300 20 22

1619624911.1062 379310 20 21

1619624911.1159 379320 20 21

1619624911.1267 379330 20 22

1619624911.1356 379340 20 20

1619624911.1459 379350 20 21

1619624911.1561 379360 20 21

1619624911.1659 379370 21 21

1619624911.1766 379380 20 21

1619624911.1856 379390 21 22

1619624911.1959 379400 21 21

1619624911.2061 379410 20 22

1619624911.2159 379420 21 21

1619624911.2266 379430 20 22

1619624911.2356 379440 21 22

1619624911.2458 379450 21 22

1619624911.2561 379460 20 22

1619624911.2665 379470 22 22

1619624911.2763 379480 21 21

1619624911.2858 379490 21 22

1619624911.2962 379500 22 21

1619624911.3066 379510 22 22

1619624911.3164 379520 22 22

1619624911.3254 379530 23 22

1619624911.3357 379540 23 22

1619624911.3464 379550 22 23

1619624911.3563 379560 23 22

1619624911.3654 379570 24 23

1619624911.3755 379580 23 23

1619624911.3858 379590 23 23

1619624911.3960 379600 24 24

1619624911.4063 379610 23 23

1619624911.4152 379620 24 24

1619624911.4255 379630 24 24

1619624911.4358 379640 24 24

1619624911.4460 379650 23 25

1619624911.4562 379660 24 25

1619624911.4652 379670 24 25

1619624911.4754 379680 24 26

1619624911.4857 379690 25 26

1619624911.4959 379700 24 27

1619624911.5062 379710 24 27

1619624911.5152 379720 25 27

1619624911.5254 379730 25 27

1619624911.5357 379740 25 28

1619624911.5458 379750 26 27

1619624911.5562 379760 27 27

1619624911.5651 379770 26 28

1619624911.5754 379780 28 28

1619624911.5856 379790 27 28

1619624911.5959 379800 28 27

1619624911.6061 379810 28 29

1619624911.6152 379820 29 28

1619624911.6254 379830 29 28

1619624911.6356 379840 30 29

1619624911.6459 379850 30 28

1619624911.6561 379860 31 30

1619624911.6651 379870 32 29

1619624911.6754 379880 33 29

1619624911.6856 379890 32 30

1619624911.6959 379900 33 29

1619624911.7061 379910 33 30

1619624911.7151 379920 33 30

1619624911.7253 379930 34 29

1619624911.7355 379940 33 30

1619624911.7458 379950 33 30

1619624911.7560 379960 34 30

1619624911.7650 379970 33 30

1619624911.7753 379980 33 30

1619624911.7855 379990 33 31

1619624911.7958 380000 33 30

1619624911.8060 380010 34 31

1619624911.8150 380020 33 30

1619624911.8254 380030 34 31

1619624911.8355 380040 33 31

1619624911.8457 380050 34 31

1619624911.8560 380060 34 30

1619624911.8649 380070 34 31

1619624911.8752 380080 34 31

1619624911.8855 380090 34 31

1619624911.8957 380100 33 31

1619624911.9060 380110 34 32

1619624911.9150 380120 34 31

1619624911.9252 380130 35 32

1619624911.9355 380140 34 31

1619624911.9457 380150 35 32

1619624911.9560 380160 35 31

1619624911.9662 380170 35 32

1619624911.9753 380180 35 32

1619624911.9856 380190 35 32

1619624911.9950 380200 36 31

1619624912.0060 380210 35 32

1619624912.0150 380220 35 32

1619624912.0253 380230 35 31

1619624912.0355 380240 35 32

1619624912.0449 380250 36 31

1619624912.0560 380260 35 32

1619624912.0650 380270 35 31

1619624912.0753 380280 35 32

1619624912.0855 380290 35 32

1619624912.0949 380300 35 32

1619624912.1060 380310 35 32

1619624912.1150 380320 35 33

1619624912.1253 380330 35 32

1619624912.1355 380340 35 33

1619624912.1449 380350 35 33

1619624912.1559 380360 35 33

1619624912.1649 380370 34 33

1619624912.1752 380380 35 32

1619624912.1854 380390 35 33

1619624912.1950 380400 35 33

1619624912.2060 380410 35 32

1619624912.2150 380420 34 32

1619624912.2252 380430 35 33

1619624912.2354 380440 35 32

1619624912.2449 380450 34 33

1619624912.2559 380460 35 32

1619624912.2649 380470 34 33

1619624912.2751 380480 34 33

1619624912.2854 380490 34 33

1619624912.2950 380500 34 32

1619624912.3059 380510 33 33

1619624912.3149 380520 33 33

1619624912.3251 380530 33 34

1619624912.3354 380540 32 33

1619624912.3449 380550 32 34

1619624912.3559 380560 31 33

1619624912.3649 380570 32 34

1619624912.3751 380580 32 33

1619624912.3854 380590 32 33

1619624912.3950 380600 32 33

1619624912.4059 380610 32 32

1619624912.4149 380620 32 32

1619624912.4250 380630 33 33

1619624912.4353 380640 33 32

1619624912.4449 380650 34 33

1619624912.4558 380660 34 32

1619624912.4648 380670 34 32

1619624912.4750 380680 35 33

1619624912.4853 380690 35 33

1619624912.4950 380700 34 33

1619624912.5058 380710 35 33

1619624912.5148 380720 35 33

1619624912.5250 380730 35 34

1619624912.5352 380740 35 33

1619624912.5449 380750 35 33

1619624912.5557 380760 34 33

1619624912.5647 380770 35 33

1619624912.5750 380780 35 33

1619624912.5852 380790 35 33

1619624912.5949 380800 35 34

1619624912.6057 380810 35 34

1619624912.6148 380820 35 34

1619624912.6250 380830 35 35

1619624912.6352 380840 36 35

1619624912.6449 380850 35 35

1619624912.6557 380860 35 36

1619624912.6647 380870 35 35

1619624912.6749 380880 35 36

1619624912.6852 380890 35 36

1619624912.6949 380900 35 37

1619624912.7056 380910 35 37

1619624912.7146 380920 36 38

1619624912.7249 380930 35 37

1619624912.7351 380940 35 38

1619624912.7449 380950 35 38

1619624912.7561 380960 35 39

1619624912.7646 380970 36 38

1619624912.7749 380980 36 39

1619624912.7851 380990 36 39

1619624912.7949 381000 36 40

1619624912.8057 381010 36 40

1619624912.8147 381020 37 39

1619624912.8249 381030 37 41

1619624912.8351 381040 38 40

1619624912.8449 381050 38 41

1619624912.8556 381060 39 40

1619624912.8645 381070 39 41

1619624912.8748 381080 40 40

1619624912.8850 381090 41 40

1619624912.8949 381100 42 40

1619624912.9056 381110 42 39

1619624912.9146 381120 42 40

1619624912.9249 381130 44 39

1619624912.9348 381140 43 39

1619624912.9444 381150 43 39

1619624912.9548 381160 44 39

1619624912.9652 381170 43 40

1619624912.9755 381180 44 39

1619624912.9854 381190 44 39

1619624912.9949 381200 43 39

1619624913.0048 381210 44 38

1619624913.0139 381220 44 38

1619624913.0254 381230 44 37

1619624913.0344 381240 44 37

1619624913.0446 381250 43 37

1619624913.0549 381260 43 36

1619624913.0639 381270 43 37

1619624913.0754 381280 42 36

1619624913.0843 381290 42 37

1619624913.0947 381300 42 36

1619624913.1048 381310 41 37

1619624913.1139 381320 41 36

1619624913.1253 381330 40 36

1619624913.1343 381340 40 37

1619624913.1445 381350 40 36

1619624913.1548 381360 39 36

1619624913.1639 381370 40 37

1619624913.1753 381380 38 36

1619624913.1843 381390 39 37

1619624913.1946 381400 38 37

1619624913.2048 381410 38 36

1619624913.2138 381420 38 37

1619624913.2253 381430 37 37

1619624913.2344 381440 37 37

1619624913.2445 381450 37 38

1619624913.2549 381460 36 37

1619624913.2640 381470 37 38

1619624913.2752 381480 35 38

1619624913.2842 381490 36 38

1619624913.2946 381500 35 38

1619624913.3048 381510 35 38

1619624913.3139 381520 35 37

1619624913.3253 381530 35 38

1619624913.3343 381540 34 37

1619624913.3445 381550 34 38

1619624913.3548 381560 34 37

1619624913.3639 381570 33 36

1619624913.3752 381580 33 37

1619624913.3842 381590 33 36

1619624913.3945 381600 32 36

1619624913.4047 381610 33 35

1619624913.4139 381620 32 35

1619624913.4252 381630 33 35

1619624913.4341 381640 33 34

1619624913.4444 381650 33 33

1619624913.4547 381660 33 33

1619624913.4639 381670 33 32

1619624913.4751 381680 32 31

1619624913.4842 381690 33 32

1619624913.4945 381700 32 31

1619624913.5047 381710 32 31

1619624913.5139 381720 33 32

1619624913.5252 381730 31 31

1619624913.5342 381740 33 31

1619624913.5446 381750 32 31

1619624913.5547 381760 32 31

1619624913.5638 381770 32 31

1619624913.5752 381780 31 30

1619624913.5841 381790 32 30

1619624913.5944 381800 31 31

1619624913.6046 381810 32 30

1619624913.6139 381820 31 30

1619624913.6251 381830 31 30

1619624913.6341 381840 30 30

1619624913.6443 381850 31 30

1619624913.6546 381860 31 29

1619624913.6638 381870 30 30

1619624913.6751 381880 30 29

1619624913.6841 381890 30 28

1619624913.6944 381900 29 29

1619624913.7046 381910 29 28

1619624913.7139 381920 28 28

1619624913.7251 381930 29 28

1619624913.7342 381940 27 28

1619624913.7443 381950 27 28

1619624913.7545 381960 27 28

1619624913.7638 381970 26 28

1619624913.7750 381980 26 29

1619624913.7841 381990 25 28

1619624913.7943 382000 24 28

1619624913.8045 382010 24 27

1619624913.8139 382020 24 28

1619624913.8250 382030 23 28

1619624913.8340 382040 23 27

1619624913.8442 382050 22 28

1619624913.8545 382060 22 28

1619624913.8638 382070 21 28

1619624913.8750 382080 20 29

1619624913.8839 382090 21 29

1619624913.8942 382100 20 30

1619624913.9044 382110 20 30

1619624913.9138 382120 20 29

1619624913.9249 382130 20 31

1619624913.9339 382140 20 30

1619624913.9442 382150 20 30

1619624913.9545 382160 20 31

1619624913.9638 382170 19 30

1619624913.9749 382180 20 31

1619624913.9839 382190 19 31

1619624913.9944 382200 20 31

1619624914.0044 382210 20 31

1619624914.0139 382220 20 30

1619624914.0249 382230 21 31

1619624914.0340 382240 21 30

1619624914.0442 382250 22 29

1619624914.0545 382260 22 30

1619624914.0638 382270 23 30

1619624914.0748 382280 24 29

1619624914.0840 382290 24 30

1619624914.0941 382300 26 30

1619624914.1044 382310 25 30

1619624914.1139 382320 26 29

1619624914.1248 382330 27 29

1619624914.1339 382340 27 29

1619624914.1441 382350 27 28

1619624914.1544 382360 27 27

1619624914.1638 382370 27 27

1619624914.1748 382380 27 25

1619624914.1838 382390 28 25

1619624914.1941 382400 27 25

1619624914.2043 382410 27 24

1619624914.2139 382420 27 23

1619624914.2248 382430 27 23

1619624914.2339 382440 26 22

1619624914.2441 382450 27 23

1619624914.2544 382460 26 22

1619624914.2641 382470 27 22

1619624914.2748 382480 26 22

1619624914.2838 382490 27 21

1619624914.2940 382500 26 21

1619624914.3043 382510 27 20

1619624914.3139 382520 27 20

1619624914.3259 382530 26 20

1619624914.3339 382540 26 19

1619624914.3442 382550 27 19

1619624914.3544 382560 26 20

1619624914.3646 382570 26 20

1619624914.3736 382580 26 21

1619624914.3839 382590 26 21

1619624914.3941 382600 26 22

1619624914.4044 382610 25 21

1619624914.4146 382620 25 22

1619624914.4236 382630 24 21

1619624914.4338 382640 25 21

1619624914.4441 382650 23 21

1619624914.4543 382660 24 21

1619624914.4646 382670 23 22

1619624914.4736 382680 23 22

1619624914.4838 382690 23 22

1619624914.4941 382700 23 23

1619624914.5043 382710 24 22

1619624914.5146 382720 25 23

1619624914.5236 382730 26 23

1619624914.5338 382740 26 22

1619624914.5441 382750 26 24

1619624914.5544 382760 26 23

1619624914.5646 382770 26 24

1619624914.5735 382780 26 24

1619624914.5838 382790 25 24

1619624914.5940 382800 26 23

1619624914.6042 382810 25 25

1619624914.6146 382820 25 24

1619624914.6235 382830 26 24

1619624914.6337 382840 26 25

1619624914.6440 382850 27 24

1619624914.6543 382860 27 25

1619624914.6645 382870 27 25

1619624914.6735 382880 28 25

1619624914.6837 382890 27 26

1619624914.6940 382900 27 25

1619624914.7042 382910 28 25

1619624914.7145 382920 27 25

1619624914.7234 382930 28 25

1619624914.7338 382940 27 25

1619624914.7439 382950 28 26

1619624914.7542 382960 28 25

1619624914.7644 382970 28 26

1619624914.7734 382980 28 25

1619624914.7837 382990 27 26

1619624914.7939 383000 27 26

1619624914.8038 383010 27 27

1619624914.8134 383020 26 26

1619624914.8238 383030 27 26

1619624914.8342 383040 26 27

1619624914.8445 383050 26 26

1619624914.8544 383060 26 26

1619624914.8639 383070 25 26

1619624914.8737 383080 26 26

1619624914.8845 383090 25 26

1619624914.8944 383100 26 25

1619624914.9034 383110 25 27

1619624914.9136 383120 25 26

1619624914.9239 383130 25 26

1619624914.9329 383140 25 26

1619624914.9444 383150 25 25

1619624914.9534 383160 25 25

1619624914.9636 383170 25 25

1619624914.9738 383180 25 24

1619624914.9829 383190 25 24

1619624914.9943 383200 24 23

1619624915.0033 383210 25 24

1619624915.0136 383220 24 24

1619624915.0238 383230 24 23

1619624915.0329 383240 25 24

1619624915.0443 383250 24 24

1619624915.0533 383260 24 25

1619624915.0636 383270 24 24

1619624915.0738 383280 25 25

1619624915.0829 383290 24 26

1619624915.0944 383300 25 25

1619624915.1033 383310 25 25

1619624915.1145 383320 25 26

1619624915.1239 383330 26 25

1619624915.1341 383340 26 26

1619624915.1432 383350 26 26

1619624915.1534 383360 27 26

1619624915.1636 383370 26 25

1619624915.1738 383380 26 26

1619624915.1841 383390 26 26

1619624915.1931 383400 27 26

1619624915.2033 383410 26 26

1619624915.2136 383420 27 26

1619624915.2238 383430 27 26

1619624915.2341 383440 27 26

1619624915.2431 383450 28 26

1619624915.2533 383460 27 25

1619624915.2637 383470 29 26

1619624915.2734 383480 29 26

1619624915.2842 383490 29 25

1619624915.2931 383500 30 26

1619624915.3034 383510 30 26

1619624915.3136 383520 31 25

1619624915.3239 383530 32 26

1619624915.3340 383540 32 26

1619624915.3430 383550 32 26

1619624915.3533 383560 32 27

1619624915.3635 383570 32 28

1619624915.3738 383580 31 27

1619624915.3840 383590 32 29

1619624915.3930 383600 32 28

1619624915.4033 383610 31 29

1619624915.4135 383620 31 29

1619624915.4238 383630 31 30

1619624915.4340 383640 30 29

1619624915.4431 383650 31 30

1619624915.4534 383660 30 29

1619624915.4635 383670 30 30

1619624915.4738 383680 29 29

1619624915.4840 383690 30 30

1619624915.4930 383700 29 30

1619624915.5032 383710 28 31

1619624915.5135 383720 29 31

1619624915.5237 383730 28 32

1619624915.5339 383740 29 32

1619624915.5429 383750 28 32

1619624915.5532 383760 28 33

1619624915.5634 383770 28 33

1619624915.5737 383780 28 33

1619624915.5839 383790 28 34

1619624915.5929 383800 28 33

1619624915.6032 383810 29 34

1619624915.6135 383820 28 34

1619624915.6237 383830 28 34

1619624915.6339 383840 28 34

1619624915.6429 383850 29 34

1619624915.6531 383860 28 35

1619624915.6634 383870 29 34

1619624915.6736 383880 29 35

1619624915.6839 383890 30 35

1619624915.6929 383900 30 35

1619624915.7031 383910 30 35

1619624915.7134 383920 31 35

1619624915.7236 383930 31 35

1619624915.7339 383940 32 35

1619624915.7429 383950 32 35

1619624915.7531 383960 32 35

1619624915.7634 383970 32 35

1619624915.7736 383980 33 34

1619624915.7839 383990 33 35

1619624915.7929 384000 34 35

1619624915.8031 384010 33 34

1619624915.8134 384020 34 35

1619624915.8236 384030 33 34

1619624915.8339 384040 34 35

1619624915.8429 384050 33 35

1619624915.8531 384060 34 35

1619624915.8634 384070 34 35

1619624915.8736 384080 33 35

1619624915.8838 384090 34 36

1619624915.8928 384100 34 35

1619624915.9031 384110 34 35

1619624915.9133 384120 34 36

1619624915.9235 384130 34 35

1619624915.9338 384140 35 35

1619624915.9428 384150 35 36

1619624915.9530 384160 36 35

1619624915.9633 384170 35 35

1619624915.9735 384180 36 35

1619624915.9838 384190 36 35

1619624915.9928 384200 37 35

1619624916.0030 384210 36 34

1619624916.0133 384220 37 35

1619624916.0235 384230 38 34

1619624916.0338 384240 37 35

1619624916.0428 384250 38 34

1619624916.0530 384260 38 35

1619624916.0633 384270 38 34

1619624916.0735 384280 38 34

1619624916.0837 384290 38 35

1619624916.0928 384300 38 34

1619624916.1030 384310 38 35

1619624916.1132 384320 39 35

1619624916.1235 384330 38 35

1619624916.1337 384340 38 35

1619624916.1427 384350 38 35

1619624916.1530 384360 38 35

1619624916.1632 384370 38 35

1619624916.1735 384380 37 36

1619624916.1837 384390 38 35

1619624916.1927 384400 37 36

1619624916.2030 384410 37 36

1619624916.2132 384420 37 37

1619624916.2235 384430 37 36

1619624916.2337 384440 36 38

1619624916.2427 384450 36 37

1619624916.2530 384460 37 37

1619624916.2632 384470 36 38

1619624916.2735 384480 37 37

1619624916.2837 384490 36 38

1619624916.2927 384500 37 37

1619624916.3029 384510 36 38

1619624916.3132 384520 36 37

1619624916.3235 384530 36 37

1619624916.3336 384540 36 37

1619624916.3426 384550 36 38

1619624916.3529 384560 36 38

1619624916.3631 384570 35 39

1619624916.3734 384580 36 39

1619624916.3836 384590 35 41

1619624916.3926 384600 35 40

1619624916.4029 384610 35 41

1619624916.4131 384620 34 42

1619624916.4234 384630 35 41

1619624916.4336 384640 34 41

1619624916.4427 384650 35 41

1619624916.4528 384660 34 41

1619624916.4631 384670 35 41

1619624916.4733 384680 34 41

1619624916.4836 384690 35 41

1619624916.4926 384700 34 42

1619624916.5028 384710 34 40

1619624916.5131 384720 34 41

1619624916.5233 384730 35 40

1619624916.5336 384740 35 40

1619624916.5426 384750 35 40

1619624916.5528 384760 35 39

1619624916.5630 384770 36 38

1619624916.5733 384780 36 38

1619624916.5836 384790 35 38

1619624916.5925 384800 37 37

1619624916.6027 384810 36 37

1619624916.6130 384820 36 36

1619624916.6232 384830 36 36

1619624916.6335 384840 37 35

1619624916.6425 384850 36 35

1619624916.6527 384860 36 34

1619624916.6630 384870 36 34

1619624916.6732 384880 36 33

1619624916.6835 384890 35 33

1619624916.6931 384900 36 32

1619624916.7027 384910 35 33

1619624916.7130 384920 36 33

1619624916.7233 384930 35 32

1619624916.7335 384940 35 33

1619624916.7425 384950 36 32

1619624916.7526 384960 35 32

1619624916.7630 384970 36 32

1619624916.7732 384980 35 30

1619624916.7834 384990 36 31

1619624916.7924 385000 35 30

1619624916.8027 385010 36 30

1619624916.8129 385020 35 29

1619624916.8233 385030 34 30

1619624916.8335 385040 35 29

1619624916.8425 385050 34 30

1619624916.8529 385060 34 29

1619624916.8632 385070 34 29

1619624916.8735 385080 35 30

1619624916.8833 385090 34 29

1619624916.8929 385100 34 30

1619624916.9028 385110 35 29

1619624916.9119 385120 35 29

1619624916.9234 385130 35 29

1619624916.9324 385140 35 30

1619624916.9427 385150 35 30

1619624916.9529 385160 35 30

1619624916.9618 385170 35 31

1619624916.9733 385180 35 31

1619624916.9824 385190 36 32

1619624916.9926 385200 35 32

1619624917.0029 385210 35 32

1619624917.0119 385220 35 31

1619624917.0233 385230 35 32

1619624917.0323 385240 35 31

1619624917.0426 385250 34 31

1619624917.0528 385260 35 31

1619624917.0618 385270 35 31

1619624917.0733 385280 34 32

1619624917.0823 385290 35 31

1619624917.0925 385300 35 32

1619624917.1028 385310 34 31

1619624917.1119 385320 35 32

1619624917.1233 385330 35 31

1619624917.1323 385340 34 32

1619624917.1426 385350 35 31

1619624917.1527 385360 34 31

1619624917.1618 385370 34 31

1619624917.1732 385380 34 30

1619624917.1822 385390 33 31

1619624917.1924 385400 33 32

1619624917.2028 385410 32 32

1619624917.2118 385420 32 32

1619624917.2232 385430 31 33

1619624917.2322 385440 32 33

1619624917.2426 385450 32 34

1619624917.2527 385460 32 34

1619624917.2618 385470 32 34

1619624917.2732 385480 33 34

1619624917.2822 385490 33 34

1619624917.2924 385500 33 35

1619624917.3027 385510 33 33

1619624917.3119 385520 34 34

1619624917.3237 385530 34 34

1619624917.3321 385540 35 34

1619624917.3424 385550 34 33

1619624917.3526 385560 35 33

1619624917.3618 385570 35 34

1619624917.3731 385580 34 34

1619624917.3821 385590 35 33

1619624917.3924 385600 34 34

1619624917.4027 385610 35 34

1619624917.4118 385620 35 33

1619624917.4231 385630 34 34

1619624917.4321 385640 34 34

1619624917.4424 385650 34 33

1619624917.4526 385660 35 34

1619624917.4618 385670 34 33

1619624917.4730 385680 34 34

1619624917.4821 385690 34 34

1619624917.4924 385700 35 33

1619624917.5027 385710 36 35

1619624917.5120 385720 36 34

1619624917.5231 385730 37 35

1619624917.5320 385740 37 35

1619624917.5424 385750 38 36

1619624917.5526 385760 38 35

1619624917.5618 385770 39 37

1619624917.5730 385780 39 36

1619624917.5820 385790 39 37

1619624917.5923 385800 40 37

1619624917.6026 385810 40 37

1619624917.6119 385820 41 37

1619624917.6231 385830 41 37

1619624917.6320 385840 42 37

1619624917.6423 385850 41 37

1619624917.6525 385860 41 37

1619624917.6618 385870 42 38

1619624917.6730 385880 41 37

1619624917.6820 385890 41 38

1619624917.6922 385900 41 39

1619624917.7025 385910 41 39

1619624917.7118 385920 41 39

1619624917.7230 385930 41 39

1619624917.7320 385940 40 40

1619624917.7423 385950 41 39

1619624917.7524 385960 41 40

1619624917.7618 385970 41 40

1619624917.7729 385980 41 40

1619624917.7819 385990 42 41

1619624917.7922 386000 42 41

1619624917.8025 386010 42 42

1619624917.8118 386020 42 42

1619624917.8229 386030 43 42

1619624917.8319 386040 42 43

1619624917.8422 386050 43 44

1619624917.8524 386060 43 44

1619624917.8618 386070 44 45

1619624917.8728 386080 44 46

1619624917.8818 386090 44 46

1619624917.8921 386100 44 47

1619624917.9024 386110 43 47

1619624917.9118 386120 44 48

1619624917.9229 386130 42 48

1619624917.9318 386140 42 49

1619624917.9421 386150 41 49

1619624917.9523 386160 41 48

1619624917.9618 386170 39 49

1619624917.9728 386180 36 49

1619624917.9818 386190 35 49

1619624917.9920 386200 33 50

1619624918.0023 386210 31 50

1619624918.0118 386220 30 51

1619624918.0228 386230 28 52

1619624918.0318 386240 27 53

1619624918.0420 386250 26 53

1619624918.0522 386260 23 55

1619624918.0618 386270 22 56

1619624918.0727 386280 19 56

1619624918.0817 386290 17 57

1619624918.0920 386300 15 57

1619624918.1023 386310 12 57

1619624918.1119 386320 10 56

1619624918.1226 386330 7 57

1619624918.1316 386340 5 56

1619624918.1418 386350 4 57

1619624918.1521 386360 1 57

1619624918.1617 386370 1 57

1619624918.1726 386380 0 58

1619624918.1816 386390 0 57

1619624918.1918 386400 0 57

1619624918.2021 386410 0 56

1619624918.2118 386420 0 56

1619624918.2226 386430 1 55

1619624918.2316 386440 0 55

1619624918.2418 386450 2 54

1619624918.2520 386460 2 55

1619624918.2617 386470 2 54

1619624918.2726 386480 2 54

1619624918.2815 386490 1 54

1619624918.2918 386500 2 53

1619624918.3020 386510 4 53

1619624918.3118 386520 3 53

1619624918.3225 386530 4 51

1619624918.3316 386540 5 51

1619624918.3418 386550 5 51

1619624918.3520 386560 6 50

1619624918.3618 386570 6 50

1619624918.3725 386580 7 48

1619624918.3815 386590 8 49

1619624918.3918 386600 9 48

1619624918.4020 386610 10 49

1619624918.4119 386620 10 48

1619624918.4225 386630 11 48

1619624918.4315 386640 12 48

1619624918.4418 386650 12 48

1619624918.4520 386660 12 48

1619624918.4618 386670 13 46

1619624918.4725 386680 14 47

1619624918.4824 386690 15 46

1619624918.4919 386700 15 46

1619624918.5017 386710 17 45

1619624918.5114 386720 17 46

1619624918.5218 386730 18 45

1619624918.5322 386740 20 45

1619624918.5420 386750 20 46

1619624918.5522 386760 21 45

1619624918.5618 386770 22 44

1619624918.5716 386780 24 45

1619624918.5819 386790 25 45

1619624918.5909 386800 26 44

1619624918.6023 386810 28 45

1619624918.6114 386820 29 45

1619624918.6216 386830 31 44

1619624918.6318 386840 32 45

1619624918.6409 386850 33 45

1619624918.6523 386860 35 46

1619624918.6613 386870 36 45

1619624918.6715 386880 38 45

1619624918.6818 386890 38 45

1619624918.6909 386900 39 44

1619624918.7024 386910 41 45

1619624918.7112 386920 42 45

1619624918.7216 386930 42 46

1619624918.7318 386940 44 45

1619624918.7408 386950 45 46

1619624918.7522 386960 45 46

1619624918.7612 386970 47 45

1619624918.7714 386980 47 46

1619624918.7817 386990 48 45

1619624918.7910 387000 49 45

1619624918.8022 387010 50 44

1619624918.8112 387020 50 43

1619624918.8215 387030 52 43

1619624918.8317 387040 53 41

1619624918.8409 387050 53 42

1619624918.8522 387060 54 40

1619624918.8612 387070 55 40

1619624918.8714 387080 56 38

1619624918.8816 387090 56 36

1619624918.8909 387100 58 34

1619624918.9021 387110 57 33

1619624918.9111 387120 59 31

1619624918.9214 387130 59 30

1619624918.9317 387140 60 29

1619624918.9408 387150 60 27

1619624918.9521 387160 61 26

1619624918.9611 387170 61 24

1619624918.9714 387180 63 22

1619624918.9816 387190 62 21

1619624918.9909 387200 64 20

1619624919.0020 387210 64 19

1619624919.0111 387220 64 18

1619624919.0213 387230 65 17

1619624919.0316 387240 65 16

1619624919.0408 387250 65 15

1619624919.0520 387260 65 15

1619624919.0610 387270 66 14

1619624919.0724 387280 66 14

1619624919.0817 387290 65 13

1619624919.0919 387300 65 12

1619624919.1009 387310 66 12

1619624919.1112 387320 65 12

1619624919.1214 387330 66 11

1619624919.1317 387340 66 10

1619624919.1419 387350 65 10

1619624919.1509 387360 66 9

1619624919.1610 387370 66 9

1619624919.1713 387380 66 8

1619624919.1815 387390 66 8

1619624919.1918 387400 66 8

1619624919.2008 387410 66 8

1619624919.2110 387420 67 8

1619624919.2213 387430 66 8

1619624919.2315 387440 67 8

1619624919.2418 387450 66 8

1619624919.2508 387460 66 8

1619624919.2610 387470 65 8

1619624919.2714 387480 66 8

1619624919.2816 387490 65 8

1619624919.2917 387500 66 8

1619624919.3007 387510 65 8

1619624919.3109 387520 64 8

1619624919.3212 387530 65 7

1619624919.3315 387540 64 8

1619624919.3417 387550 64 8

1619624919.3507 387560 63 7

1619624919.3609 387570 64 7

1619624919.3712 387580 62 7

1619624919.3814 387590 63 7

1619624919.3917 387600 62 6

1619624919.4006 387610 62 7

1619624919.4109 387620 61 7

1619624919.4211 387630 61 7

1619624919.4314 387640 61 7

1619624919.4416 387650 61 8

1619624919.4507 387660 61 8

1619624919.4609 387670 60 8

1619624919.4711 387680 60 9

1619624919.4814 387690 59 9

1619624919.4917 387700 59 10

1619624919.5007 387710 59 10

1619624919.5110 387720 58 11

1619624919.5212 387730 58 11

1619624919.5314 387740 58 11

1619624919.5416 387750 58 12

1619624919.5507 387760 57 12

1619624919.5608 387770 57 13

1619624919.5711 387780 58 13

1619624919.5814 387790 57 13

1619624919.5916 387800 58 13

1619624919.6006 387810 57 14

1619624919.6109 387820 57 14

1619624919.6211 387830 57 15

1619624919.6313 387840 57 14

1619624919.6415 387850 57 15

1619624919.6506 387860 57 15

1619624919.6608 387870 57 15

1619624919.6710 387880 57 16

1619624919.6813 387890 57 16

1619624919.6915 387900 57 17

1619624919.7005 387910 56 17

1619624919.7108 387920 56 17

1619624919.7211 387930 56 18

1619624919.7313 387940 55 19

1619624919.7415 387950 55 19

1619624919.7505 387960 55 19

1619624919.7608 387970 55 20

1619624919.7710 387980 54 21

1619624919.7812 387990 54 21

1619624919.7915 388000 54 21

1619624919.8005 388010 54 22

1619624919.8107 388020 53 22

1619624919.8210 388030 53 22

1619624919.8312 388040 53 23

1619624919.8415 388050 52 24

1619624919.8505 388060 52 24

1619624919.8607 388070 52 24

1619624919.8710 388080 51 26

1619624919.8812 388090 51 25

1619624919.8922 388100 50 27

1619624919.9005 388110 49 27

1619624919.9107 388120 50 27

1619624919.9210 388130 48 29

1619624919.9311 388140 48 29

1619624919.9414 388150 48 30

1619624919.9504 388160 47 31

1619624919.9607 388170 46 31

1619624919.9709 388180 45 31

1619624919.9811 388190 45 32

1619624919.9914 388200 44 32

1619624920.0012 388210 44 33

1619624920.0106 388220 42 33

1619624920.0210 388230 42 34

1619624920.0314 388240 42 34

1619624920.0412 388250 41 36

1619624920.0508 388260 40 35

1619624920.0611 388270 40 37

1619624920.0715 388280 39 37

1619624920.0813 388290 38 37

1619624920.0905 388300 38 38

1619624920.1006 388310 37 38

1619624920.1114 388320 36 39

1619624920.1212 388330 36 40

1619624920.1303 388340 35 40

1619624920.1405 388350 35 40

1619624920.1508 388360 34 41

1619624920.1609 388370 33 41

1619624920.1713 388380 33 42

1619624920.1802 388390 32 43

1619624920.1906 388400 31 43

1619624920.2006 388410 31 44

1619624920.2109 388420 30 45

1619624920.2212 388430 29 45

1619624920.2301 388440 28 46

1619624920.2405 388450 28 46

1619624920.2508 388460 27 47

1619624920.2609 388470 26 48

1619624920.2713 388480 26 49

1619624920.2802 388490 26 49

1619624920.2904 388500 24 49

1619624920.3006 388510 24 50

1619624920.3110 388520 24 51

1619624920.3211 388530 23 51

1619624920.3303 388540 22 51

1619624920.3404 388550 22 53

1619624920.3507 388560 21 52

1619624920.3609 388570 21 54

1619624920.3712 388580 21 53

1619624920.3801 388590 19 54

1619624920.3904 388600 20 55

1619624920.4005 388610 19 54

1619624920.4109 388620 20 54

1619624920.4211 388630 18 54

1619624920.4301 388640 19 55

1619624920.4404 388650 19 54

1619624920.4508 388660 18 55

1619624920.4608 388670 18 55

1619624920.4713 388680 18 56

1619624920.4802 388690 18 55

1619624920.4904 388700 18 55

1619624920.5005 388710 18 56

1619624920.5108 388720 18 55

1619624920.5211 388730 19 56

1619624920.5301 388740 18 55

1619624920.5404 388750 19 55

1619624920.5505 388760 20 55

1619624920.5607 388770 19 55

1619624920.5710 388780 20 55

1619624920.5800 388790 19 55

1619624920.5904 388800 20 54

1619624920.6005 388810 20 55

1619624920.6108 388820 20 54

1619624920.6210 388830 20 54

1619624920.6300 388840 20 55

1619624920.6402 388850 20 54

1619624920.6506 388860 20 53

1619624920.6608 388870 20 53

1619624920.6719 388880 19 53

1619624920.6801 388890 19 53

1619624920.6904 388900 20 52

1619624920.7006 388910 19 53

1619624920.7098 388920 19 52

1619624920.7211 388930 18 51

1619624920.7301 388940 19 51

1619624920.7404 388950 18 51

1619624920.7506 388960 19 50

1619624920.7598 388970 18 50

1619624920.7710 388980 19 49

1619624920.7800 388990 18 49

1619624920.7903 389000 19 48

1619624920.8005 389010 18 48

1619624920.8098 389020 19 47

1619624920.8210 389030 18 47

1619624920.8301 389040 19 47

1619624920.8403 389050 19 45

1619624920.8507 389060 19 45

1619624920.8598 389070 19 44

1619624920.8710 389080 20 44

1619624920.8800 389090 20 43

1619624920.8903 389100 21 42

1619624920.9008 389110 21 41

1619624920.9098 389120 21 42

1619624920.9210 389130 22 41

1619624920.9301 389140 22 40

1619624920.9403 389150 22 40

1619624920.9506 389160 23 39

1619624920.9598 389170 24 39

1619624920.9709 389180 23 38

1619624920.9799 389190 24 38

1619624920.9903 389200 25 37

1619624921.0005 389210 25 37

1619624921.0098 389220 25 36

1619624921.0210 389230 26 36

1619624921.0300 389240 26 35

1619624921.0402 389250 26 35

1619624921.0505 389260 27 35

1619624921.0598 389270 27 34

1619624921.0709 389280 27 34

1619624921.0799 389290 28 34

1619624921.0901 389300 28 33

1619624921.1004 389310 28 33

1619624921.1098 389320 29 33

1619624921.1209 389330 28 32

1619624921.1299 389340 29 32

1619624921.1402 389350 29 31

1619624921.1504 389360 29 32

1619624921.1598 389370 29 31

1619624921.1709 389380 30 31

1619624921.1799 389390 29 31

1619624921.1901 389400 29 32

1619624921.2004 389410 29 31

1619624921.2098 389420 29 31

1619624921.2209 389430 29 32

1619624921.2299 389440 29 31

1619624921.2401 389450 28 31

1619624921.2504 389460 28 32

1619624921.2598 389470 28 31

1619624921.2709 389480 27 31

1619624921.2799 389490 27 31

1619624921.2898 389500 27 31

1619624921.3004 389510 27 31

1619624921.3098 389520 28 31

1619624921.3208 389530 27 31

1619624921.3298 389540 27 31

1619624921.3401 389550 26 31

1619624921.3503 389560 27 31

1619624921.3598 389570 27 31

1619624921.3708 389580 26 31

1619624921.3798 389590 27 31

1619624921.3900 389600 26 30

1619624921.4003 389610 27 31

1619624921.4099 389620 26 30

1619624921.4208 389630 27 30

1619624921.4298 389640 27 29

1619624921.4400 389650 27 30

1619624921.4503 389660 27 30

1619624921.4598 389670 26 29

1619624921.4707 389680 27 29

1619624921.4797 389690 27 30

1619624921.4900 389700 26 29

1619624921.5002 389710 27 30

1619624921.5098 389720 28 29

1619624921.5207 389730 27 30

1619624921.5297 389740 27 29

1619624921.5400 389750 28 29

1619624921.5504 389760 28 29

1619624921.5600 389770 27 28

1619624921.5708 389780 28 29

1619624921.5798 389790 28 28

1619624921.5900 389800 27 29

1619624921.6002 389810 28 29

1619624921.6098 389820 27 28

1619624921.6207 389830 27 29

1619624921.6297 389840 28 28

1619624921.6399 389850 27 28

1619624921.6502 389860 28 28

1619624921.6598 389870 28 28

1619624921.6707 389880 28 28

1619624921.6797 389890 28 27

1619624921.6899 389900 28 26

1619624921.7001 389910 28 26

1619624921.7098 389920 28 26

1619624921.7207 389930 27 24

1619624921.7297 389940 27 23

1619624921.7399 389950 26 22

1619624921.7502 389960 26 21

1619624921.7598 389970 25 20

1619624921.7707 389980 25 20

1619624921.7797 389990 23 18

1619624921.7898 390000 22 19

1619624921.8001 390010 22 18

1619624921.8098 390020 21 17

1619624921.8206 390030 21 17

1619624921.8296 390040 20 16

1619624921.8399 390050 20 15

1619624921.8501 390060 19 15

1619624921.8599 390070 19 15

1619624921.8706 390080 18 13

1619624921.8796 390090 17 14

1619624921.8898 390100 17 13

1619624921.9001 390110 16 12

1619624921.9098 390120 16 12

1619624921.9206 390130 16 11

1619624921.9295 390140 14 11

1619624921.9399 390150 14 11

1619624921.9495 390160 13 9

1619624921.9601 390170 13 10

1619624921.9698 390180 12 8

1619624921.9800 390190 12 9

1619624921.9888 390200 11 7

1619624921.9991 390210 10 8

1619624922.0091 390220 10 7

1619624922.0193 390230 9 6

1619624922.0296 390240 9 6

1619624922.0398 390250 9 5

1619624922.0501 390260 7 6

1619624922.0591 390270 7 4

1619624922.0693 390280 7 4

1619624922.0795 390290 6 3

1619624922.0898 390300 5 3

1619624922.1000 390310 5 3

1619624922.1090 390320 4 2

1619624922.1193 390330 4 2

1619624922.1295 390340 3 0

1619624922.1398 390350 2 0

1619624922.1500 390360 1 0

1619624922.1591 390370 1 0

1619624922.1693 390380 1 0

1619624922.1795 390390 0 0

1619624922.1898 390400 1 0

1619624922.2000 390410 1 0

1619624922.2090 390420 0 0

1619624922.2194 390430 1 0

1619624922.2295 390440 0 0

1619624922.2398 390450 0 0

1619624922.2500 390460 0 0

1619624922.2590 390470 0 0

1619624922.2692 390480 0 0

1619624922.2795 390490 0 0

1619624922.2898 390500 0 0

1619624922.3000 390510 0 0

1619624922.3090 390520 0 0

1619624922.3192 390530 0 0

1619624922.3295 390540 0 0

1619624922.3397 390550 0 0

1619624922.3500 390560 0 0

1619624922.3590 390570 0 0

1619624922.3691 390580 0 0

1619624922.3794 390590 0 0

1619624922.3896 390600 0 0

1619624922.3999 390610 0 0

1619624922.4089 390620 0 0

1619624922.4191 390630 0 0

1619624922.4294 390640 0 0

1619624922.4397 390650 0 0

1619624922.4499 390660 0 0

1619624922.4589 390670 0 0

1619624922.4691 390680 0 0

1619624922.4794 390690 0 0

1619624922.4896 390700 0 0

1619624922.4999 390710 0 0

1619624922.5089 390720 0 0

1619624922.5191 390730 0 0

1619624922.5297 390740 0 0

1619624922.5397 390750 0 0

1619624922.5499 390760 0 0

1619624922.5589 390770 0 0

1619624922.5691 390780 0 0

1619624922.5794 390790 0 0

1619624922.5896 390800 0 0

1619624922.5998 390810 0 0

1619624922.6088 390820 0 0

1619624922.6191 390830 0 0

1619624922.6294 390840 0 0

1619624922.6396 390850 0 0

1619624922.6499 390860 0 0

1619624922.6589 390870 0 0

1619624922.6691 390880 0 0

1619624922.6793 390890 0 0

1619624922.6896 390900 0 0

1619624922.6998 390910 0 0

1619624922.7088 390920 0 0

1619624922.7191 390930 0 0

1619624922.7293 390940 0 0

1619624922.7396 390950 0 0

1619624922.7498 390960 0 0

1619624922.7589 390970 0 0

1619624922.7691 390980 0 0

1619624922.7793 390990 0 0

1619624922.7896 391000 0 0

1619624922.7998 391010 0 0

1619624922.8088 391020 0 0

1619624922.8191 391030 0 0

1619624922.8294 391040 0 0

1619624922.8396 391050 0 0

1619624922.8498 391060 0 0

1619624922.8589 391070 0 0

1619624922.8691 391080 0 0

1619624922.8793 391090 0 0

1619624922.8896 391100 0 0

1619624922.8998 391110 0 0

1619624922.9087 391120 0 0

1619624922.9190 391130 0 0

1619624922.9293 391140 0 0

1619624922.9395 391150 0 0

1619624922.9497 391160 0 0

1619624922.9588 391170 0 0

1619624922.9690 391180 0 0

1619624922.9793 391190 0 0

1619624922.9895 391200 0 0

1619624922.9998 391210 0 0

1619624923.0088 391220 0 0

1619624923.0190 391230 0 0

1619624923.0292 391240 0 0

1619624923.0395 391250 0 0

1619624923.0497 391260 0 0

1619624923.0588 391270 0 0

1619624923.0690 391280 0 0

1619624923.0792 391290 0 0

1619624923.0895 391300 0 0

1619624923.0997 391310 0 0

1619624923.1087 391320 0 0

1619624923.1190 391330 0 0

1619624923.1292 391340 0 0

1619624923.1395 391350 0 0

1619624923.1497 391360 0 0

1619624923.1587 391370 0 0

1619624923.1689 391380 0 0

1619624923.1792 391390 0 0

1619624923.1894 391400 0 0

1619624923.1996 391410 0 0

1619624923.2087 391420 0 0

1619624923.2189 391430 0 0

1619624923.2294 391440 0 0

1619624923.2394 391450 0 0

1619624923.2496 391460 0 0

1619624923.2587 391470 0 0

1619624923.2689 391480 0 0

1619624923.2794 391490 0 0

1619624923.2894 391500 0 0

1619624923.2997 391510 0 0

1619624923.3087 391520 0 0

1619624923.3189 391530 0 0

1619624923.3294 391540 0 0

1619624923.3395 391550 0 0

1619624923.3497 391560 0 0

1619624923.3587 391570 0 0

1619624923.3689 391580 0 0

1619624923.3792 391590 0 0

1619624923.3894 391600 0 0

1619624923.3997 391610 0 0

1619624923.4086 391620 0 0

1619624923.4188 391630 0 0

1619624923.4291 391640 0 0

1619624923.4394 391650 0 0

1619624923.4496 391660 0 0

1619624923.4586 391670 0 0

1619624923.4688 391680 0 0

1619624923.4791 391690 0 0

1619624923.4893 391700 0 0

1619624923.4996 391710 0 0

1619624923.5086 391720 0 0

1619624923.5188 391730 0 0

1619624923.5291 391740 0 0

1619624923.5394 391750 0 0

1619624923.5496 391760 0 0

1619624923.5586 391770 0 0

1619624923.5688 391780 0 0

1619624923.5791 391790 0 0

1619624923.5893 391800 0 0

1619624923.5996 391810 0 0

1619624923.6086 391820 0 0

1619624923.6188 391830 0 0

1619624923.6291 391840 0 0

1619624923.6394 391850 0 0

1619624923.6496 391860 0 0

1619624923.6586 391870 0 0

1619624923.6688 391880 0 0

1619624923.6790 391890 0 0

1619624923.6893 391900 0 0

1619624923.6995 391910 0 0

1619624923.7085 391920 0 0

1619624923.7188 391930 0 0

1619624923.7291 391940 0 0

1619624923.7393 391950 0 0

1619624923.7495 391960 0 0

1619624923.7586 391970 0 0

1619624923.7688 391980 0 0

1619624923.7790 391990 0 0

1619624923.7893 392000 0 0

1619624923.7995 392010 0 0

1619624923.8085 392020 0 0

1619624923.8188 392030 0 0

1619624923.8296 392040 0 0

1619624923.8392 392050 0 0

1619624923.8494 392060 0 0

1619624923.8585 392070 0 0

1619624923.8687 392080 0 0

1619624923.8789 392090 0 0

1619624923.8892 392100 0 0

1619624923.8994 392110 0 0

1619624923.9084 392120 0 0

1619624923.9187 392130 0 0

1619624923.9291 392140 0 0

1619624923.9392 392150 0 0

1619624923.9494 392160 0 0

1619624923.9585 392170 0 0

1619624923.9687 392180 0 0

1619624923.9789 392190 0 0

1619624923.9892 392200 0 0

1619624923.9994 392210 0 0

1619624924.0083 392220 0 0

1619624924.0186 392230 0 0

1619624924.0289 392240 0 0

1619624924.0391 392250 0 0

1619624924.0494 392260 0 0

1619624924.0584 392270 0 0

1619624924.0686 392280 0 0

1619624924.0789 392290 0 0

1619624924.0891 392300 0 0

1619624924.0994 392310 0 0

1619624924.1083 392320 0 0

1619624924.1186 392330 0 0

1619624924.1289 392340 0 0

1619624924.1391 392350 0 0

1619624924.1488 392360 0 0

1619624924.1599 392370 0 0

1619624924.1680 392380 0 0

1619624924.1780 392390 0 0

1619624924.1881 392400 0 0

1619624924.1983 392410 0 0

1619624924.2084 392420 0 0

1619624924.2186 392430 0 0

1619624924.2286 392440 0 0

1619624924.2390 392450 0 0

1619624924.2489 392460 0 0

1619624924.2578 392470 0 0

1619624924.2679 392480 0 0

1619624924.2781 392490 0 0

1619624924.2883 392500 0 0

1619624924.2983 392510 0 0

1619624924.3084 392520 0 0

1619624924.3186 392530 0 0

1619624924.3287 392540 0 0

1619624924.3389 392550 0 0

1619624924.3489 392560 0 0

1619624924.3578 392570 0 0

1619624924.3679 392580 0 0

1619624924.3780 392590 0 0

1619624924.3881 392600 0 0

1619624924.3984 392610 0 0

1619624924.4087 392620 0 0

1619624924.4177 392630 0 0

1619624924.4293 392640 0 0

1619624924.4383 392650 0 0

1619624924.4484 392660 0 0

1619624924.4587 392670 0 0

1619624924.4677 392680 0 0

1619624924.4792 392690 0 0

1619624924.4882 392700 0 0

1619624924.4985 392710 0 0

1619624924.5087 392720 0 0

1619624924.5177 392730 0 0

1619624924.5292 392740 0 0

1619624924.5382 392750 0 0

1619624924.5484 392760 0 0

1619624924.5587 392770 0 0

1619624924.5677 392780 0 0

1619624924.5791 392790 0 0

1619624924.5881 392800 0 0

1619624924.5984 392810 0 0

1619624924.6086 392820 0 0

1619624924.6176 392830 0 0

1619624924.6291 392840 0 0

1619624924.6381 392850 0 0

1619624924.6484 392860 0 0

1619624924.6586 392870 0 0

1619624924.6676 392880 0 0

1619624924.6791 392890 0 0

1619624924.6881 392900 0 0

1619624924.6984 392910 0 0

1619624924.7086 392920 0 0

1619624924.7176 392930 0 0

1619624924.7290 392940 0 0

1619624924.7381 392950 0 0

1619624924.7484 392960 0 0

1619624924.7587 392970 0 0

1619624924.9090 392980 0 0

